# Camera parameter file. 

# The format of each camera is as follows:
# Filename (of the undistorted image in visualize folder)
# Original filename
# Focal Length (of the undistorted image)
# 2-vec Principal Point (image center)
# 3-vec Translation T (as in P = K[R T])
# 3-vec Camera Position C (as in P = K[R -RC])
# 3-vec Axis Angle format of R
# 4-vec Quaternion format of R
# 3x3 Matrix format of R
# [Normalized radial distortion] = [radial distortion] * [focal length]^2
# 3-vec Lat/Lng/Alt from EXIF

# The nubmer of cameras in this reconstruction
180

00000000.jpg
/home/evan/UAV_Photogrammetry_toolkit/output_dir/Final_Dehazed/3630_dehazed.jpg
1244.86547852
487 274
5.47019664643 -0.249410328253 -7.26990074585
-5.01323480658 0.19656887885 7.59372945421
0.00405270010321 -0.0619379473751 -0.0158246142343
0.999488492472 0.00202600454205 -0.0309636932198 -0.00791095800294
0.997960723127 0.0156886161716 -0.0619286096743
-0.0159390297819 0.999869344822 -0.00356069661216
0.061862810556 0.00453917628974 0.998078918385
-0.770231859331
0 0 0

00000001.jpg
/home/evan/UAV_Photogrammetry_toolkit/output_dir/Final_Dehazed/3690_dehazed.jpg
990.604125977
487 274
5.11806487587 -0.552498117877 -8.34309118486
-4.90286185947 0.243342243801 8.48582881454
-0.0211892554782 -0.0268051008901 -0.0261074546632
0.999770045009 -0.0105938156308 -0.0134015231015 -0.0130527267263
0.999301498381 0.0263836620977 -0.0265204422342
-0.0258152386491 0.999440204728 0.0215327873024
0.0270733231834 -0.0208327308177 0.999418868482
-0.774827163968
0 0 0

00000002.jpg
/home/evan/UAV_Photogrammetry_toolkit/output_dir/Final_Dehazed/3660_dehazed.jpg
1239.79455566
487 274
4.43217644852 -0.519873374419 -7.84503178903
-4.67062050934 0.249744783961 7.71889780801
-0.0255051282633 0.0298599889479 -0.0157313945744
0.999778230505 -0.0127516214078 0.0149288907852 -0.00786511582138
0.999434937633 0.0153454937577 0.0300525305145
-0.0161079925568 0.99955837901 0.0252632652287
-0.0296497895359 -0.02573190872 0.999232724121
-1.16950820313
0 0 0

00000003.jpg
/home/evan/UAV_Photogrammetry_toolkit/output_dir/Final_Dehazed/3750_dehazed.jpg
1055.13769531
487 274
6.04145275954 -0.390570478083 -7.77248446164
-5.20898395162 0.0752780067342 8.36203009871
0.00288588558598 -0.104799610397 -0.0601198086332
0.998175124927 0.00144206495605 -0.0523679269531 -0.030041616901
0.992709991286 0.059822165033 -0.104633160767
-0.0601250137797 0.998192002627 0.000267679246663
0.104456287347 0.00602541271728 0.994512326175
-0.578184497564
0 0 0

00000004.jpg
/home/evan/UAV_Photogrammetry_toolkit/output_dir/Final_Dehazed/4560_dehazed.jpg
5177.02392578
487 274
5.83107150837 0.0220211020075 4.95051643127
-6.41121608654 -0.171222533648 -4.16851488837
0.0230309814105 -0.12721383161 -0.00718564356443
0.997905939305 0.011507451537 -0.0635625106897 -0.00359031356964
0.991895466032 0.00570268353722 -0.126942352784
-0.00862849740322 0.999716143993 -0.0225100953828
0.126775274954 0.0234233215574 0.991653444775
3.48307730662
0 0 0

00000005.jpg
/home/evan/UAV_Photogrammetry_toolkit/output_dir/Final_Dehazed/3420_dehazed.jpg
7.09153366089
487 274
10.0875520025 2.01300985681 -8.08310425484
-5.44436414757 -0.0320890159766 11.8956518951
0.139685192013 -0.462733577264 0.0703086533343
0.970325350619 0.0691503680269 -0.229073652726 0.0348059030701
0.892625302029 -0.0992272906482 -0.439737053769
0.0358649097521 0.988015331446 -0.150142573437
0.449366835826 0.118250846967 0.885484510738
-0.000493449535043
0 0 0

00000006.jpg
/home/evan/UAV_Photogrammetry_toolkit/output_dir/Final_Dehazed/4350_dehazed.jpg
4059.54223633
487 274
5.71600075529 -0.22461931398 1.48425294263
-5.87732332226 -0.0248161039582 -0.61843487022
0.0155208301572 -0.149332348158 -0.0401288208186
0.996983381655 0.00775261010464 -0.0745910791854 -0.0200442307927
0.988070796303 0.0388105849301 -0.149043839232
-0.0411244750635 0.999078121655 -0.0124680940147
0.148420426239 0.0184487997404 0.988754535224
2.32331131677
0 0 0

00000007.jpg
/home/evan/UAV_Photogrammetry_toolkit/output_dir/Final_Dehazed/4380_dehazed.jpg
14287.4326172
487 274
6.4659654626 -0.636724090624 33.630320243
-13.7100842776 -0.0779807541212 -31.3885025011
-0.00516837885414 -0.221031875435 -0.0871687479226
0.992948727301 -0.00257811262554 -0.110256056065 -0.0434818839552
0.971906074334 0.0869188147005 -0.218733809328
-0.0857823106355 0.996207318445 0.0147083671719
0.21918063286 0.00446863257044 0.975675307416
17.0940825005
0 0 0

00000008.jpg
/home/evan/UAV_Photogrammetry_toolkit/output_dir/Final_Dehazed/4440_dehazed.jpg
3781.67285156
487 274
5.63268676568 1.05887130139 0.4036151528
-5.72994347189 5.44711804014e-05 0.423052943863
0.0326132727373 -0.14179242519 0.18546695963
0.993063176851 0.0162689134852 -0.0707322051625 0.0925189552392
0.972874982192 -0.186055190066 -0.137472102965
0.181453480369 0.98235614729 -0.0454000533063
0.143494090492 0.0192241823317 0.989466763384
2.26687955819
0 0 0

00000009.jpg
/home/evan/UAV_Photogrammetry_toolkit/output_dir/Final_Dehazed/4410_dehazed.jpg
4035.89453125
487 274
5.76202217834 0.446913557508 1.37381694712
-5.92248471556 0.0215175130304 -0.460076404178
0.0132227045054 -0.155515903275 0.0820471850027
0.996116882383 0.00660279248252 -0.0776572778008 0.0409704789308
0.984582432735 -0.0826481986884 -0.15417138064
0.0805973442808 0.996558943244 -0.0195174366284
0.155251521189 0.0067911756224 0.987853997493
1.85906621216
0 0 0

00000010.jpg
/home/evan/UAV_Photogrammetry_toolkit/output_dir/Final_Dehazed/4470_dehazed.jpg
4676.34814453
487 274
5.82941597118 -0.529503396552 3.22847137504
-6.26132899115 0.111476509848 -2.33857537382
-0.0175727318018 -0.145932977452 -0.0770803540751
0.99655884773 -0.00877628517925 -0.0728827732435 -0.0384959593484
0.986411006114 0.0780060325036 -0.144588890364
-0.0754479230583 0.996883143541 0.023103777448
0.145938999728 -0.0118805611344 0.9892239983
3.19545818438
0 0 0

00000011.jpg
/home/evan/UAV_Photogrammetry_toolkit/output_dir/Final_Dehazed/4110_dehazed.jpg
3618.04223633
487 274
5.47606665177 1.12970829169 0.104387948336
-5.56829602056 -0.181371567975 0.485128378089
0.0363685973044 -0.102076091506 0.169896448081
0.994929611137 0.018153554429 -0.0509517556466 0.0848046019406
0.980428533267 -0.170598594468 -0.0983081762853
0.166899844058 0.984960009568 -0.0447650845541
0.104465465443 0.0274809508412 0.994151181634
1.39275869196
0 0 0

00000012.jpg
/home/evan/UAV_Photogrammetry_toolkit/output_dir/Final_Dehazed/4500_dehazed.jpg
3437.55541992
487 274
5.34596728955 0.731900917163 -0.714778535978
-5.29084347322 0.111583708685 1.27295851725
0.0144923237101 -0.103800600707 0.155423659581
0.995611624098 0.00723555912342 -0.0518243587769 0.0775981202586
0.982586260131 -0.155264474226 -0.102071042099
0.153765887925 0.987856759354 -0.0224503729728
0.104316693939 0.00636485410769 0.99452700467
1.79731520871
0 0 0

00000013.jpg
/home/evan/UAV_Photogrammetry_toolkit/output_dir/Final_Dehazed/4020_dehazed.jpg
2341.89697266
487 274
4.82622639852 -0.661668779188 -4.40054854735
-4.65215797363 -0.00529235984612 4.63166742375
0.025132413157 -0.0503871137338 -0.16432805008
0.996231233562 0.0125504162427 -0.0251618993639 -0.082060780076
0.985267194984 0.162871181108 -0.0521941163293
-0.164134867541 0.986219064598 -0.0208765264362
0.0480741638389 0.0291359401845 0.998420423312
0.875144399376
0 0 0

00000014.jpg
/home/evan/UAV_Photogrammetry_toolkit/output_dir/Final_Dehazed/4320_dehazed.jpg
5300.36474609
487 274
5.93506237564 -0.690857989885 5.4289795373
-6.73654558067 -0.0161152645631 -4.44909436761
0.0109792842848 -0.15479564958 -0.102702582971
0.995675400881 0.00548172635803 -0.0772862210686 -0.0512772455386
0.98279821488 0.101263381807 -0.154466150838
-0.102958586224 0.994685062149 -0.00298991046289
0.153341805742 0.0188421698933 0.987994738648
4.40143884723
0 0 0

00000015.jpg
/home/evan/UAV_Photogrammetry_toolkit/output_dir/Final_Dehazed/3600_dehazed.jpg
1134.7175293
487 274
5.04125093686 -0.239814510405 -7.78062383612
-4.59009488722 0.125871977929 8.05761393891
0.00628216816147 -0.0577331724151 -0.0339827783578
0.999434358861 0.00314049181627 -0.0288611432927 -0.0169881853818
0.997756878499 0.0337759340106 -0.0577967171575
-0.0341383706507 0.999406405671 -0.00529699133481
0.0575825558136 0.00725787036481 0.99831286652
-0.410301329685
0 0 0

00000016.jpg
/home/evan/UAV_Photogrammetry_toolkit/output_dir/Final_Dehazed/3720_dehazed.jpg
1275.64135742
487 274
4.71201904535 -0.523645038235 -7.5280330484
-4.72017487003 0.264951079401 7.5364774261
-0.0214387464953 3.96150465313e-06 -0.0206086809534
0.999889824686 -0.0107189795746 1.98067958269e-06 -0.0103039620459
0.999788685075 0.0206056106513 0.000225423948216
-0.0206056965634 0.999560613761 0.0214354630765
0.000217502102773 -0.0214357313543 0.999769347205
-1.00799938053
0 0 0

00000017.jpg
/home/evan/UAV_Photogrammetry_toolkit/output_dir/Final_Dehazed/3930_dehazed.jpg
2731.58081055
487 274
5.66243956416 -1.04596268982 -2.74580016881
-5.45848425698 0.0925853935503 3.30044889759
0.00934353189918 -0.100364225717 -0.175948270873
0.994865396189 0.00466376732011 -0.0500961949999 -0.0878235130551
0.979555731841 0.17427767828 -0.100497114423
-0.175212618161 0.984533878258 -0.000480566331778
0.0988587691218 0.0180787165588 0.994939016035
0.208326926868
0 0 0

00000018.jpg
/home/evan/UAV_Photogrammetry_toolkit/output_dir/Final_Dehazed/660_dehazed.jpg
1078.49694824
487 274
2.81617873763 -0.124052206573 -8.39149712346
-4.09097460678 -0.101158763558 7.84964963599
-0.00583756492905 0.156556449812 -0.0513382096992
0.996605088277 -0.00291547871342 0.0781896222868 -0.0256400501549
0.986459496335 0.0506500846533 0.155997499151
-0.0515619331389 0.998670851656 0.00180109388772
-0.155699202535 -0.00982122979452 0.98775645993
0.54040128758
0 0 0

00000019.jpg
/home/evan/UAV_Photogrammetry_toolkit/output_dir/Final_Dehazed/6450_dehazed.jpg
759.153747559
487 274
5.42163744277 -0.914720678663 -8.48101083481
-4.64636559037 -0.330239566784 8.96998834526
-0.0359526619298 -0.0946885588819 -0.184082595629
0.99448753475 -0.0179432875101 -0.0472572528636 -0.0918721107615
0.978654985384 0.184427310673 -0.0906961489068
-0.1810353651 0.982477987485 0.0443721081079
0.0972908466906 -0.0270053949369 0.994888854223
0.285703963977
0 0 0

00000020.jpg
/home/evan/UAV_Photogrammetry_toolkit/output_dir/Final_Dehazed/6420_dehazed.jpg
1301.87524414
487 274
4.48283834616 -0.0541270475408 -7.57228873958
-4.30095993886 -0.300667203588 7.67135536233
0.0146834806458 -0.0221225945667 -0.106184997922
0.998502887465 0.00733807615328 -0.01105577673 -0.0530660011668
0.99412205249 0.105810393188 -0.0228571746133
-0.106135828378 0.994261784522 -0.0134809278307
0.0212997253389 0.0158274330792 0.999648228092
0.787664018495
0 0 0

00000021.jpg
/home/evan/UAV_Photogrammetry_toolkit/output_dir/Final_Dehazed/630_dehazed.jpg
1292.08178711
487 274
3.0847191092 0.420598089676 -7.5902740578
-3.93069410979 -0.236878960981 7.19709342816
0.0507670908534 0.116668643976 -0.0547167546797
0.997603666435 0.0253632663717 0.0582877183751 -0.0273365205807
0.991711803981 0.0574989650026 0.114909850853
-0.0515850876329 0.99722155415 -0.0537915045895
-0.117682315383 0.0474184455113 0.991918943009
0.881808557366
0 0 0

00000022.jpg
/home/evan/UAV_Photogrammetry_toolkit/output_dir/Final_Dehazed/6240_dehazed.jpg
1008.73687744
487 274
4.85014787853 0.532233329526 -7.9126586039
-4.66827336302 -0.800408764973 7.99898302012
0.057896622169 -0.00999400371854 -0.15300634489
0.996644513574 0.0289159252807 -0.00499141148402 -0.0764175848358
0.988272468636 0.15203363068 -0.0143684249532
-0.152611035989 0.986649309001 -0.056874806174
0.00553022652899 0.0584007869696 0.998279368112
0.393469680634
0 0 0

00000023.jpg
/home/evan/UAV_Photogrammetry_toolkit/output_dir/Final_Dehazed/6090_dehazed.jpg
630.751220703
487 274
4.60432998009 0.829978757184 -9.00307925157
-4.56903557144 -0.486015752211 9.04609308716
0.0436822298393 -0.00310989784888 -0.0109693089482
0.999745269631 0.0218392603564 -0.00155481689129 -0.00548418876353
0.999936360513 0.0108981750357 -0.00334824047338
-0.0110329920608 0.998984702212 -0.0436505113392
0.00286944285547 0.043684277595 0.999041353875
0.149471466274
0 0 0

00000024.jpg
/home/evan/UAV_Photogrammetry_toolkit/output_dir/Final_Dehazed/6390_dehazed.jpg
1152.05432129
487 274
4.17970251852 1.33785350661 -7.70002943271
-4.16102264993 -0.427175719981 7.81367051241
0.151044331473 0.00477307993133 -0.063061021859
0.996650388651 0.0754378235905 0.0023838747097 -0.0314952980759
0.998007269372 0.0631395105146 0
-0.0624196937577 0.986632964327 -0.15052050344
-0.00950355862369 0.150220041362 0.988607755097
0.645915660289
0 0 0

00000025.jpg
/home/evan/UAV_Photogrammetry_toolkit/output_dir/Final_Dehazed/6360_dehazed.jpg
1343.43383789
487 274
3.88135202485 1.50434323036 -7.27130550517
-4.11846558706 -0.611585241532 7.27076450733
0.167428458902 0.0444192448731 -0.0818405702664
0.995415844001 0.0835862706188 0.0221756745956 -0.0408577376795
0.995678930767 0.08504808718 0.0373181584871
-0.0776336705648 0.982688570266 -0.168218486948
-0.0509779128885 0.164593905512 0.985043308922
0.890508636222
0 0 0

00000026.jpg
/home/evan/UAV_Photogrammetry_toolkit/output_dir/Final_Dehazed/6330_dehazed.jpg
1257.04406738
487 274
4.61382303459 0.759376594504 -7.24700210083
-4.36574088091 -0.535753866088 7.41864000167
0.124548673906 -0.0201402013695 -0.153773230956
0.995058994262 0.062171737176 -0.01005350974 -0.0767599413132
0.988014329618 0.151511128022 -0.0295520219628
-0.154011551989 0.980486991314 -0.12218566027
0.0104633191998 0.125272524794 0.992068287318
0.75624002109
0 0 0

00000027.jpg
/home/evan/UAV_Photogrammetry_toolkit/output_dir/Final_Dehazed/690_dehazed.jpg
1184.87182617
487 274
0.371365330972 -0.25202688456 -8.69146827021
-4.12718794796 0.0522922804003 7.66201590205
-0.024315879196 0.451498465337 0.00111285466023
0.97455385191 -0.012054639345 0.223831148385 0.000551699630691
0.899799965813 -0.0064716425163 0.436258120994
-0.00432099851555 0.999711085146 0.0237425948347
-0.43628391035 -0.0232489859933 0.899509790128
0.674770787306
0 0 0

00000028.jpg
/home/evan/UAV_Photogrammetry_toolkit/output_dir/Final_Dehazed/6180_dehazed.jpg
1634.59924316
487 274
3.77700049783 0.843300631185 -6.98441623
-4.29578093181 -1.14698630833 6.632472919
0.103880568239 0.112179984341 -0.249920924157
0.989290088364 0.051754726104 0.0558896092149 -0.124514037578
0.962746385313 0.252146300185 0.0976943936736
-0.240575712769 0.963637712076 -0.116318896171
-0.123469752082 0.0884828540722 0.988395418353
1.22401969642
0 0 0

00000029.jpg
/home/evan/UAV_Photogrammetry_toolkit/output_dir/Final_Dehazed/6300_dehazed.jpg
597.000366211
487 274
5.00573701357 -0.830992273241 -8.80287332632
-4.646137437 -0.263680958618 9.03227774861
0.00223571202199 -0.0474521551667 -0.229918981391
0.993118660828 0.00111529071731 -0.0236716301801 -0.114695677778
0.972571151658 0.227759644419 -0.0472728924206
-0.22786602725 0.97368858318 0.00321497336868
0.0467620582357 0.0076454374631 0.998878963104
0.162166523893
0 0 0

00000030.jpg
/home/evan/UAV_Photogrammetry_toolkit/output_dir/Final_Dehazed/6210_dehazed.jpg
1016.65222168
487 274
4.51661261827 0.703021896693 -8.16756940191
-4.68334120352 -0.842471639013 8.05973376269
0.0849651245095 0.0376309431367 -0.180076328571
0.994872185923 0.042409923174 0.018783299814 -0.0898842119543
0.983138426558 0.180439618959 0.029749784817
-0.177253590749 0.98024446298 -0.0877613086468
-0.0449981453621 0.0810085032449 0.995699775755
0.407373985299
0 0 0

00000031.jpg
/home/evan/UAV_Photogrammetry_toolkit/output_dir/Final_Dehazed/6150_dehazed.jpg
1074.18847656
487 274
2.26286059938 -0.273647958928 -8.95619868887
-4.73716952168 -0.444272579788 7.92281015467
-0.0334457201891 0.291940238012 -0.122737019265
0.987350247609 -0.0166522871032 0.145354103092 -0.0611095252675
0.950275486278 0.115832432088 0.289066202539
-0.125513587529 0.991977746883 0.0151180361377
-0.284995436175 -0.0506485230406 0.957188812651
0.693932308552
0 0 0

00000032.jpg
/home/evan/UAV_Photogrammetry_toolkit/output_dir/Final_Dehazed/150_dehazed.jpg
1021.99713135
487 274
5.69363460444 -0.936402615366 -7.69084418946
-5.63149734957 0.625412091205 7.76777747992
0.0487555545043 -0.0202892223033 -0.121390310497
0.99781068721 0.0243599844611 -0.0101372068282 -0.0606508552204
0.99244144116 0.120541785795 -0.0231844372141
-0.121530500314 0.991455928364 -0.0473835149745
0.0172756160325 0.0498430963677 0.998607300515
0.49042274813
0 0 0

00000033.jpg
/home/evan/UAV_Photogrammetry_toolkit/output_dir/Final_Dehazed/6510_dehazed.jpg
1099.66503906
487 274
5.16031179004 -2.31486461159 -8.06126959796
-5.26744406066 0.0342243279594 8.32010955997
0.0346820292104 -0.0564697852729 -0.483195878855
0.970413588073 0.0171696554166 -0.0279558831088 -0.239210534318
0.883993459008 0.463306035134 -0.0624729793122
-0.465226576515 0.884969764476 -0.0199489982661
0.0460420960293 0.046697669409 0.997846904183
0.603418910199
0 0 0

00000034.jpg
/home/evan/UAV_Photogrammetry_toolkit/output_dir/Final_Dehazed/6570_dehazed.jpg
555.170837402
487 274
5.82502931276 -1.81230482186 -9.09375718763
-5.36576358248 0.286774935922 9.54138830854
-0.011662063415 -0.0773479248573 -0.251640171654
0.991332879814 -0.00581417586936 -0.0385621671094 -0.125456376091
0.965550327075 0.249186397891 -0.0749969418331
-0.248289724516 0.968455467184 0.0212036340064
0.0779148348566 -0.00185150082684 0.996957720142
0.156614192097
0 0 0

00000035.jpg
/home/evan/UAV_Photogrammetry_toolkit/output_dir/Final_Dehazed/6540_dehazed.jpg
655.833312988
487 274
5.92152878567 -1.4735897918 -8.74526085674
-5.198835943 0.032625258387 9.31053889948
-0.0607155187864 -0.0931252135961 -0.15975659488
0.995269881245 -0.0303098790133 -0.0464891680678 -0.0797523130689
0.982959102811 0.161568384095 -0.0877024295341
-0.155931916534 0.985445562359 0.0677484869757
0.0973746455938 -0.0529175517686 0.993843880885
0.221126723865
0 0 0

00000036.jpg
/home/evan/UAV_Photogrammetry_toolkit/output_dir/Final_Dehazed/6690_dehazed.jpg
1572.10058594
487 274
6.35083509826 0.713542261704 -7.010752681
-5.74131423215 -0.140175833618 7.55052102631
0.0482733781588 -0.0857873236243 0.0366152955092
0.99862236246 0.0241256041914 -0.0428739626963 0.0182992398813
0.995654581382 -0.0386171492017 -0.0847467967734
0.0344789714443 0.998170891742 -0.0497539459978
0.0865127948896 0.0466155254159 0.995161018096
1.24272608069
0 0 0

00000037.jpg
/home/evan/UAV_Photogrammetry_toolkit/output_dir/Final_Dehazed/720_dehazed.jpg
1177.45825195
487 274
0.208254322576 -0.648809974683 -8.84619435468
-4.35938197887 0.2512048168 7.72345784916
0.024398468724 0.474738308268 -0.25833946711
0.963634627396 0.0120509961494 0.234484778107 -0.127600135836
0.857473166854 0.251572064647 0.448840752635
-0.240267572762 0.967147351402 -0.0830664500126
-0.454989854491 -0.0366154212759 0.889746262212
0.661478556061
0 0 0

00000038.jpg
/home/evan/UAV_Photogrammetry_toolkit/output_dir/Final_Dehazed/810_dehazed.jpg
1136.61242676
487 274
-0.800693955345 -1.14898575583 -9.22402913265
-3.85466237237 0.299153534498 8.49092708895
-0.0359460650841 0.483251446502 -0.331937229905
0.957183955405 -0.017715781404 0.238167292285 -0.163593077325
0.833028819663 0.304739104852 0.461736978803
-0.321615570472 0.945849067293 -0.0440102440762
-0.450142664706 -0.111839290945 0.88592661098
0.588922478382
0 0 0

00000039.jpg
/home/evan/UAV_Photogrammetry_toolkit/output_dir/Final_Dehazed/6720_dehazed.jpg
1090.30529785
487 274
7.30989475301 -0.0900530785063 -7.65475855804
-6.13795160928 -0.0172609978472 8.62340210012
0.00355221384837 -0.143825738264 -0.0202315920569
0.997363274126 0.00177454561392 -0.071849653174 -0.0101069036043
0.98947243375 0.0199054823807 -0.143356094624
-0.0204155354993 0.999791905846 -0.00208723706985
0.143284726714 0.00499222942448 0.989669662708
0.536134054436
0 0 0

00000040.jpg
/home/evan/UAV_Photogrammetry_toolkit/output_dir/Final_Dehazed/750_dehazed.jpg
1164.89245605
487 274
-0.624697141969 -0.478404195381 -8.99600324923
-4.38716114271 0.290692739511 7.88767389854
0.0570115135107 0.55592241149 -0.351959941005
0.945972426947 0.0279905178896 0.272937083158 -0.172799149127
0.791295303601 0.34220599773 0.506709633637
-0.311646924167 0.938715089649 -0.147282805621
-0.526054186198 -0.041369773063 0.849444936928
0.663862406832
0 0 0

00000041.jpg
/home/evan/UAV_Photogrammetry_toolkit/output_dir/Final_Dehazed/6270_dehazed.jpg
1140.67932129
487 274
3.59916774587 2.44041524747 -7.66690272139
-4.42596062187 -0.532314897537 7.60382905859
0.297040638339 0.12559841918 -0.0941803766903
0.985924206517 0.147822815943 0.0625042825957 -0.0468690363945
0.987793800873 0.110897275275 0.109392384368
-0.073939994795 0.951906970971 -0.297344466016
-0.13710555652 0.28562390404 0.948485392142
0.51486223056
0 0 0

00000042.jpg
/home/evan/UAV_Photogrammetry_toolkit/output_dir/Final_Dehazed/840_dehazed.jpg
1012.69897461
487 274
-1.23409168268 -1.03797680426 -9.42995001178
-3.53044878735 0.36661143989 8.88401865566
-0.0529270565023 0.497014550804 -0.149292510181
0.96617882096 -0.0261645075152 0.245699304081 -0.0738028007365
0.868372145183 0.129756090194 0.478642061365
-0.155470721802 0.98773873747 0.0142929756395
-0.470915794346 -0.0868253964486 0.877895173637
0.360564664198
0 0 0

00000043.jpg
/home/evan/UAV_Photogrammetry_toolkit/output_dir/Final_Dehazed/7230_dehazed.jpg
1434.28186035
487 274
7.26060674035 -0.222908415005 -7.51486283263
-6.95216260061 -0.413809567766 7.7932911888
0.0450140470668 -0.0385024397425 -0.137914659108
0.997185658784 0.0224859054212 -0.0192331566467 -0.0688926275904
0.989768536351 0.136533521677 -0.0414556640136
-0.13826143924 0.989498409215 -0.0421957392578
0.0352604479113 0.0474947503856 0.998250006775
0.841343240964
0 0 0

00000044.jpg
/home/evan/UAV_Photogrammetry_toolkit/output_dir/Final_Dehazed/7170_dehazed.jpg
1421.68481445
487 274
7.2785264046 -0.591569645301 -7.57216266129
-6.98122112119 -0.23075491748 7.86599452525
0.0259342948173 -0.0417894721827 -0.143193486319
0.997136166478 0.0129547664599 -0.020874785932 -0.0715283830506
0.9888961752 0.142106860489 -0.0434823189457
-0.143187290189 0.989431710399 -0.0228497815489
0.0397776971353 0.0288208831128 0.998794252394
0.809092462076
0 0 0

00000045.jpg
/home/evan/UAV_Photogrammetry_toolkit/output_dir/Final_Dehazed/7260_dehazed.jpg
1435.74438477
487 274
7.3475792818 -0.000865658917234 -7.47498252853
-6.98190375065 -0.55035702477 7.7982297134
0.039088166825 -0.0435522946428 -0.118486935548
0.997818127579 0.0195298671117 -0.0217603074247 -0.059200374274
0.992043938289 0.117292799997 -0.0457374410511
-0.118992026443 0.992229040611 -0.0363986448921
0.0411138757893 0.0415503768408 0.998291084002
0.82523805005
0 0 0

00000046.jpg
/home/evan/UAV_Photogrammetry_toolkit/output_dir/Final_Dehazed/7290_dehazed.jpg
1434.17773438
487 274
7.34463819535 0.0629725128972 -7.56412252176
-7.00644726457 -0.682198698675 7.84906598909
0.0439831963139 -0.03735752406 -0.133383484072
0.997361292889 0.0219722516233 -0.0186623298773 -0.0666330717192
0.990423651238 0.1320942814 -0.0401541491601
-0.133734704836 0.990155730954 -0.0413418257767
0.034298192659 0.04631526737 0.998338812022
0.852683033789
0 0 0

00000047.jpg
/home/evan/UAV_Photogrammetry_toolkit/output_dir/Final_Dehazed/7320_dehazed.jpg
1430.26098633
487 274
7.418265871 0.41101662905 -7.59454507414
-7.04005607563 -0.854754828891 7.91099111938
0.0625053718316 -0.0382224130025 -0.128302483883
0.997272903601 0.0312242710516 -0.0190938306399 -0.064092915792
0.991055217681 0.126643640621 -0.042084777506
-0.129028872307 0.989835098751 -0.0598307832564
0.0340822621866 0.0647256945616 0.997322660592
0.827699270854
0 0 0

00000048.jpg
/home/evan/UAV_Photogrammetry_toolkit/output_dir/Final_Dehazed/7140_dehazed.jpg
1427.78295898
487 274
7.38191529921 -0.749845858123 -7.56897950792
-7.07426242054 -0.230797145876 7.88960363752
0.000400555206056 -0.0442968003418 -0.135869726448
0.997448739055 0.000200107253899 -0.0221295615159 -0.0678770802039
0.989808438123 0.135399659537 -0.0441721565365
-0.135415972703 0.990786074473 0.00260448184645
0.044120256383 0.00340286875876 0.99902143557
0.82404927685
0 0 0

00000049.jpg
/home/evan/UAV_Photogrammetry_toolkit/output_dir/Final_Dehazed/7050_dehazed.jpg
1422.16650391
487 274
7.69681460326 -0.584057639496 -7.48981286875
-7.21086651099 -0.233337556167 7.97672014167
0.0282427587919 -0.065855659475 -0.13874010181
0.996954293762 0.0141070399584 -0.032894393446 -0.0692996096621
0.988233509046 0.13724946118 -0.0675427023162
-0.139104712455 0.989998264613 -0.023569097831
0.0636341248304 0.0326871984041 0.99743968174
0.840580095247
0 0 0

00000050.jpg
/home/evan/UAV_Photogrammetry_toolkit/output_dir/Final_Dehazed/7080_dehazed.jpg
1419.27038574
487 274
7.51405150591 -1.09882382027 -7.59826520342
-7.24110279907 -0.244260302027 7.93149189356
-4.88789271131e-05 -0.0450349018017 -0.181468028482
0.995633882247 -2.44038846675e-05 -0.0224846700713 -0.0906019239672
0.982572173235 0.180414209565 -0.044768042061
-0.180411171628 0.983583983468 0.00412261674347
0.0447779553556 0.00402542740574 0.998991153206
0.807450217037
0 0 0

00000051.jpg
/home/evan/UAV_Photogrammetry_toolkit/output_dir/Final_Dehazed/7110_dehazed.jpg
1433.79711914
487 274
7.38231404473 -1.16381893006 -7.62116832142
-7.19095985432 -0.255881203402 7.88413561996
0.00145851547138 -0.0360613598129 -0.195744786286
0.995052665091 0.00072805471115 -0.0180009354837 -0.0977109373435
0.980260176626 0.194429218947 -0.0359648411656
-0.194480895501 0.980906396339 0.00206872737669
0.035682674143 0.00496653849934 0.999352652253
0.865818141329
0 0 0

00000052.jpg
/home/evan/UAV_Photogrammetry_toolkit/output_dir/Final_Dehazed/7020_dehazed.jpg
1409.5892334
487 274
7.78504276114 -1.31119040903 -7.41929193474
-7.23995642309 -0.239248655134 8.05592358177
-0.00437617026423 -0.0840950521122 -0.201056759744
0.994067209219 -0.00218375626779 -0.0419643400626 -0.100329496514
0.976346116615 0.199652587818 -0.0829914538147
-0.199284462592 0.979862709867 0.0127620897308
0.0838700438363 0.00407888773591 0.996469639296
0.833245876911
0 0 0

00000053.jpg
/home/evan/UAV_Photogrammetry_toolkit/output_dir/Final_Dehazed/6990_dehazed.jpg
1363.71520996
487 274
8.09844885774 -0.847643396286 -7.27738526014
-7.20567598153 -0.372374339454 8.19773086511
-0.00639753360983 -0.119699820828 -0.152469075794
0.995302467478 -0.0031937564642 -0.059756165399 -0.0761151290647
0.981273758684 0.151897799922 -0.118465130967
-0.15113250316 0.98839520905 0.015453613129
0.119436704507 0.00273859837164 0.99283903934
0.77373077054
0 0 0

00000054.jpg
/home/evan/UAV_Photogrammetry_toolkit/output_dir/Final_Dehazed/7200_dehazed.jpg
1419.15112305
487 274
6.99062018774 -0.277476168917 -7.77210898872
-6.90738428035 -0.246379760777 7.84720890251
-0.0457275398504 -0.0107045525107 -0.0239785769126
0.999652723466 -0.0228611231803 -0.00535165666767 -0.011987900558
0.999653715982 0.0242129245022 -0.0101516667405
-0.0237220252635 0.998669397289 0.0458342521757
0.0112475259111 -0.0455784840191 0.998899156857
0.805786815046
0 0 0

00000055.jpg
/home/evan/UAV_Photogrammetry_toolkit/output_dir/Final_Dehazed/7350_dehazed.jpg
1397.82666016
487 274
7.57289172785 0.511560164758 -7.73584761507
-7.13396454207 -1.00734073883 8.09599989233
0.0567524268611 -0.0430282327029 -0.128394067159
0.997307090648 0.0283507373313 -0.0214948010272 -0.0641393976301
0.990851460429 0.126714413484 -0.0465103701578
-0.129152290701 0.990165534612 -0.0537912489788
0.039237299748 0.0593063164836 0.997468737185
0.820934729562
0 0 0

00000056.jpg
/home/evan/UAV_Photogrammetry_toolkit/output_dir/Final_Dehazed/1140_dehazed.jpg
1049.40917969
487 274
-1.2014196683 -0.0830037076997 -8.92596108603
-2.98067450821 0.0148662059083 8.4993005762
0.0305741300149 0.463598254352 -0.373735066673
0.955886823181 0.0150616098969 0.228380531271 -0.184111592915
0.827892218875 0.358859500121 0.431066296406
-0.345099882528 0.931753096889 -0.112889094783
-0.442157465644 -0.0553003170374 0.895233159158
0.431949496367
0 0 0

00000057.jpg
/home/evan/UAV_Photogrammetry_toolkit/output_dir/Final_Dehazed/1080_dehazed.jpg
1004.41253662
487 274
-1.07827138445 -0.0282886545675 -9.16606912804
-2.86923826481 -0.0802691784882 8.77161405333
-0.00234321882286 0.433170553146 -0.0957651378728
0.975499721674 -0.00116202543903 0.214813570667 -0.0474908810455
0.903202909059 0.092155453975 0.419212809893
-0.0931539109929 0.995487415747 -0.0181363604629
-0.418989503698 -0.0226705824323 0.907708503137
0.410499876987
0 0 0

00000058.jpg
/home/evan/UAV_Photogrammetry_toolkit/output_dir/Final_Dehazed/870_dehazed.jpg
1006.34002686
487 274
-1.11824660975 -0.539199672427 -9.53663201771
-3.17238649272 0.372277552034 9.07114101663
-0.00794143805312 0.448800703641 -0.0877374700249
0.973966679933 -0.00393620185112 0.222449655672 -0.0434873872483
0.897251591098 0.0829592621682 0.433660061029
-0.0864618025405 0.996189519092 -0.0116798512363
-0.432974149318 -0.0270147690302 0.901003264288
0.393578262315
0 0 0

00000059.jpg
/home/evan/UAV_Photogrammetry_toolkit/output_dir/Final_Dehazed/900_dehazed.jpg
1100.83129883
487 274
-1.37054236068 -0.585275926464 -9.30760703172
-2.85646108329 0.382833099192 8.97475795182
-0.0132607249839 0.448666980198 -0.104485318688
0.973568520664 -0.00657184213968 0.222353496565 -0.0517815595426
0.895755936719 0.0979032932982 0.433633278329
-0.103748291988 0.994553730145 -0.0102314869522
-0.43227218053 -0.035824041472 0.901032990848
0.617528223054
0 0 0

00000060.jpg
/home/evan/UAV_Photogrammetry_toolkit/output_dir/Final_Dehazed/510_dehazed.jpg
3457.41918945
487 274
4.74774131993 -1.35858571912 0.29781447067
-4.92850665056 -0.087776817768 0.421247724492
0.00795608982481 -0.148306772734 -0.296311125822
0.986299565762 0.00395986128411 -0.0738144315176 -0.147478344391
0.945606581173 0.290331131706 -0.146775043217
-0.291500176424 0.956470534391 0.0139611454944
0.144437523795 0.0295835833544 0.989070218125
1.83726720447
0 0 0

00000061.jpg
/home/evan/UAV_Photogrammetry_toolkit/output_dir/Final_Dehazed/6600_dehazed.jpg
1273.46069336
487 274
6.39480426906 -1.17840005566 -7.12825699096
-5.39184035665 -0.0581105209782 8.00115459024
0.0594428146014 -0.152438830066 -0.284232662505
0.9865859877 0.0295883936353 -0.0758783065633 -0.141480311096
0.948454296192 0.274674516833 -0.158093263275
-0.283655453017 0.958217434895 -0.0369124662715
0.141348632828 0.0798535119652 0.986735913416
0.81332055962
0 0 0

00000062.jpg
/home/evan/UAV_Photogrammetry_toolkit/output_dir/Final_Dehazed/3780_dehazed.jpg
1062.36486816
487 274
6.07945211719 -0.427571031166 -7.74038544139
-5.20885482242 0.0746017393474 8.36171110211
0.00107283816579 -0.109983958254 -0.0639826546734
0.997977124659 0.000536057331114 -0.0549548934843 -0.0319697529371
0.991915786151 0.0637513808953 -0.109721891101
-0.0638689475537 0.997957133015 0.00244419085173
0.10965301524 0.00458408266755 0.993960446204
-0.545834386509
0 0 0

00000063.jpg
/home/evan/UAV_Photogrammetry_toolkit/output_dir/Final_Dehazed/3840_dehazed.jpg
1055.28466797
487 274
6.05200969901 0.13654154767 -7.77136631095
-5.20940046277 0.0742647106902 8.36038626112
-0.00239966653679 -0.104512437589 0.040837027084
0.998426580296 -0.00119920392193 -0.0522288089304 0.0204078034544
0.993714728516 -0.0406260132974 -0.104341429457
0.0408767603601 0.99916562235 0.000263040572759
0.104245094917 -0.00452622771063 0.994542194098
-0.608721061288
0 0 0

00000064.jpg
/home/evan/UAV_Photogrammetry_toolkit/output_dir/Final_Dehazed/6960_dehazed.jpg
1412.37072754
487 274
8.13437307779 -0.683672300354 -7.00366645971
-6.95751263863 -0.452450734101 8.18991701933
0.0218937327052 -0.156824117788 -0.171916600266
0.993179883015 0.010921968716 -0.0782337179071 -0.0857627959173
0.973050627471 0.168647122658 -0.157273452422
-0.172064411807 0.985052770624 -0.00827605091654
0.153527166773 0.03511386753 0.98752172201
0.90901651945
0 0 0

00000065.jpg
/home/evan/UAV_Photogrammetry_toolkit/output_dir/Final_Dehazed/3870_dehazed.jpg
1178.84851074
487 274
5.8234212559 1.46366038845 -7.43977013837
-5.1738345075 0.0148550803971 8.03963287911
0.02248038348 -0.105521637967 0.235738472056
0.991610877788 0.011208742345 -0.0526131973173 0.117539444843
0.966834501975 -0.234286694304 -0.10170852465
0.231926873998 0.97212022478 -0.0345973569716
0.10697875045 0.00986148637106 0.994213805038
-0.525357765429
0 0 0

00000066.jpg
/home/evan/UAV_Photogrammetry_toolkit/output_dir/Final_Dehazed/3900_dehazed.jpg
1268.09570312
487 274
5.82522878896 -0.779516871816 -7.24623443084
-5.14673367789 -0.0848813800087 7.7815477723
0.00967945206585 -0.097878906205 -0.170314164394
0.995169128167 0.00483193015473 -0.0488606209511 -0.0850199103332
0.9807700172 0.168746346347 -0.0980708865069
-0.169690413826 0.985496149421 -0.00130876568238
0.0964274397075 0.0179255851954 0.995180208009
-0.526678920661
0 0 0

00000067.jpg
/home/evan/UAV_Photogrammetry_toolkit/output_dir/Final_Dehazed/3990_dehazed.jpg
3269.0222168
487 274
5.52976449737 0.316435397764 -1.0103194675
-5.42215240917 0.0256206727118 1.51617766072
0.00291742713938 -0.092206768703 0.0617280082007
0.998460826621 0.0014579650885 -0.0460797282228 0.0308481674571
0.993849511109 -0.0617359126876 -0.091928053261
0.0614668344281 0.998094684025 -0.00575441179925
0.0921071608664 6.84723105468e-05 0.995751894052
0.296016133828
0 0 0

00000068.jpg
/home/evan/UAV_Photogrammetry_toolkit/output_dir/Final_Dehazed/3810_dehazed.jpg
1059.07385254
487 274
5.9901680643 0.977630604215 -7.76005482842
-5.20878269565 0.0744830111166 8.36177730205
0.0158747308605 -0.105835479587 0.164439188632
0.995192479423 0.00792464166637 -0.0528329115423 0.0820877945752
0.980941032868 -0.1642234622 -0.103856811478
0.162549161054 0.986399396242 -0.0244466381648
0.106458853453 0.00709953698922 0.994291855292
-0.571583817256
0 0 0

00000069.jpg
/home/evan/UAV_Photogrammetry_toolkit/output_dir/Final_Dehazed/3960_dehazed.jpg
2538.1484375
487 274
5.74509922804 0.261822962817 -3.34045670592
-5.37991625676 -0.109764541131 3.90867725187
0.0236939629425 -0.101268578041 0.0118728660802
0.998631029482 0.0118415749216 -0.050611181295 0.00593372385885
0.994806388576 -0.0130505468377 -0.100943779101
0.0106518562257 0.999651391895 -0.0242513223563
0.101223805219 0.0230501342622 0.994597951709
0.192468158686
0 0 0

00000070.jpg
/home/evan/UAV_Photogrammetry_toolkit/output_dir/Final_Dehazed/6630_dehazed.jpg
1116.49108887
487 274
6.34697710351 -0.00466396028365 -7.58476469958
-5.315944229 -0.0927726640289 8.33934051919
0.0342566822319 -0.128906382225 -0.0634509158651
0.99727490868 0.017112779523 -0.0643946335254 -0.031696634437
0.989698941378 0.0610165521 -0.129522479274
-0.0654244807543 0.99740640546 -0.0300499638655
0.1273541298 0.0382146186785 0.991123627089
0.607017666978
0 0 0

00000071.jpg
/home/evan/UAV_Photogrammetry_toolkit/output_dir/Final_Dehazed/5190_dehazed.jpg
8740.72265625
487 274
2.86503566977 0.0393030870717 15.9630635946
-4.57700860524 0.114626750985 -15.5585251462
0.005344549488 -0.108630676055 0.0639495335162
0.998011016583 0.00267050280558 -0.0542793224811 0.0319535648521
0.992066127668 -0.064069698476 -0.108172440452
0.0634903404901 0.9979454023 -0.00879913149148
0.108513006783 0.00186163338764 0.994092426913
14.9142179984
0 0 0

00000072.jpg
/home/evan/UAV_Photogrammetry_toolkit/output_dir/Final_Dehazed/5250_dehazed.jpg
7872.91796875
487 274
2.6970932475 0.490772487643 12.6395114731
-3.79454104329 0.2616233707 -12.3614270691
0.00188460144136 -0.0851455905291 0.237829281219
0.992034242462 0.000939797343082 -0.0424596935981 0.118598724214
0.968265551228 -0.235388111616 -0.0840204899336
0.235227870514 0.971867777578 -0.0119360003402
0.0844653899613 -0.00820675575896 0.99639442406
12.9307517038
0 0 0

00000073.jpg
/home/evan/UAV_Photogrammetry_toolkit/output_dir/Final_Dehazed/5430_dehazed.jpg
9371.6875
487 274
1.96229275575 0.24242766873 16.0928833786
-1.84299686169 -4.4408920985e-16 -16.1087657862
0.00185575097148 0.00847261120773 0.142903112755
0.997439727168 0.000927083479032 0.00423268962035 0.07139056747
0.989772739033 -0.142408007383 0.00857574725172
0.142423145176 0.989806312605 -0.00124514448395
-0.00831166386872 0.0024536950856 0.999964985697
15.8415422426
0 0 0

00000074.jpg
/home/evan/UAV_Photogrammetry_toolkit/output_dir/Final_Dehazed/5280_dehazed.jpg
7903.81689453
487 274
2.39056078614 0.312093104203 12.6102947187
-3.08189392134 0.279397162173 -12.4601315082
-0.00132926102003 -0.0546635012038 0.209236408906
0.994160461307 -0.000663336293811 -0.0272785282565 0.104414484381
0.976709501937 -0.207572833842 -0.0543773997139
0.207646173994 0.978197404044 -0.00437754597111
0.054099537227 -0.00701539683454 0.998513185327
11.1964758079
0 0 0

00000075.jpg
/home/evan/UAV_Photogrammetry_toolkit/output_dir/Final_Dehazed/5160_dehazed.jpg
8858.37890625
487 274
2.95008066464 -0.347366853738 16.1706685638
-4.44952675838 0.0571329772462 -15.8275476776
0.002809928622 -0.0927830615593 -0.0662091691949
0.99837622753 0.00140420378119 -0.0463664182969 -0.0330866645527
0.993512524755 0.0659356322354 -0.0926746726623
-0.0661961251152 0.997809182987 0.000264247228722
0.0924898464711 0.00587194192372 0.995698659045
18.4115087078
0 0 0

00000076.jpg
/home/evan/UAV_Photogrammetry_toolkit/output_dir/Final_Dehazed/5460_dehazed.jpg
9091.42382812
487 274
1.88622448454 -0.170309078282 15.2033553789
-1.39679403068 0.060456075414 -15.2569043838
-0.000291917419509 0.0326466368137 -0.0695959870379
0.999262409169 -0.000145922822054 0.0163193048995 -0.0347894375378
0.997049339498 0.0695226913846 0.0326249005295
-0.0695324172862 0.997582622564 -0.000843990516842
-0.0326041711898 -0.00142725127972 0.999469487451
13.4577222853
0 0 0

00000077.jpg
/home/evan/UAV_Photogrammetry_toolkit/output_dir/Final_Dehazed/5490_dehazed.jpg
9264.1484375
487 274
1.45674689481 -0.164903494751 15.7332565113
-0.994030529561 0.0777802704427 -15.7698790569
0.00536614878641 0.0293896654809 -0.0021146501659
0.999888984379 0.00268297510474 0.0146942889511 -0.00105728595613
0.999567902999 0.00219258867537 0.0293798336264
-0.00203608564811 0.999987416651 -0.00539638074856
-0.0293907969955 0.00533432826183 0.999556604678
19.3861772386
0 0 0

00000078.jpg
/home/evan/UAV_Photogrammetry_toolkit/output_dir/Final_Dehazed/5550_dehazed.jpg
8942.34472656
487 274
1.40267219724 0.124591997259 14.6713459092
-0.854153946455 0.025092930569 -14.7139385311
0.00335054078657 0.0378276548346 0.175913514991
0.995955220838 0.00167301108404 0.0188883197827 0.0878381369339
0.98385716921 -0.174902716082 0.037917644587
0.17502868819 0.984566374603 -1.38502565418e-05
-0.0373300382147 0.00665112623814 0.999283663844
14.825613467
0 0 0

00000079.jpg
/home/evan/UAV_Photogrammetry_toolkit/output_dir/Final_Dehazed/5400_dehazed.jpg
9631.25195312
487 274
2.12129257579 0.307435565629 17.0180031919
-2.31496491287 -0.100014888944 -16.9951710264
0.0117521286779 -0.00916036155333 0.183351589134
0.995774409513 0.00586778539119 -0.00457372763469 0.0915466300325
0.983200741198 -0.182373271727 -0.00803419981284
0.182265894127 0.983173463514 -0.0125232966779
0.010183403926 0.0108486654544 0.999892493851
18.1838929407
0 0 0

00000080.jpg
/home/evan/UAV_Photogrammetry_toolkit/output_dir/Final_Dehazed/5220_dehazed.jpg
7285.47509766
487 274
2.84380315566 0.422297650716 11.1124380522
-4.02652532375 0.192091735006 -10.7471776429
0.00691313611752 -0.105641161441 0.20008428536
0.993602687896 0.00344919399546 -0.0527078960291 0.0998287179536
0.974513312229 -0.198743622606 -0.104053028508
0.198016707345 0.980051049644 -0.017377765179
0.105429800164 -0.0036692514791 0.994420843704
10.6320994351
0 0 0

00000081.jpg
/home/evan/UAV_Photogrammetry_toolkit/output_dir/Final_Dehazed/5580_dehazed.jpg
8208.13964844
487 274
1.27477095225 0.243917579417 12.3291349371
-0.677161054101 0.0556589945157 -12.3786076533
-0.00442719955285 0.0500129066537 0.249257507292
0.991930034361 -0.00220764200867 0.0249391499946 0.124293323015
0.967859511338 -0.246690888715 0.0489266350033
0.246470231962 0.969093137131 0.0105792420771
-0.0500249326408 0.00181993642301 0.998748123799
11.7345546131
0 0 0

00000082.jpg
/home/evan/UAV_Photogrammetry_toolkit/output_dir/Final_Dehazed/5610_dehazed.jpg
7743.53710938
487 274
1.02540010913 0.149162805645 10.6949298079
-0.178294349439 0.0366724294899 -10.7434416066
-0.0050812734936 0.0798122776777 0.216901504268
0.993327860303 -0.00253498373497 0.0398173461868 0.108209445152
0.973412853174 -0.215177007657 0.0785553703368
0.214772818815 0.976569490169 0.0136532786027
-0.0796513468258 0.00358099872522 0.996818608872
10.5450429076
0 0 0

00000083.jpg
/home/evan/UAV_Photogrammetry_toolkit/output_dir/Final_Dehazed/5520_dehazed.jpg
7948.18310547
487 274
1.29613932234 -0.197240116959 11.7932409219
-0.919966069814 0.0116021083839 -11.830140025
0.00901113753859 0.0324625047778 -0.071390766058
0.999221678015 0.00450439978089 0.0162270411235 -0.0356861217146
0.99692727998 0.071462721761 0.0321069039019
-0.0711706639252 0.997413102416 -0.0101599326644
-0.0327507411407 0.00784364296564 0.999435464868
12.6346871732
0 0 0

00000084.jpg
/home/evan/UAV_Photogrammetry_toolkit/output_dir/Final_Dehazed/5310_dehazed.jpg
8877.42480469
487 274
1.90176365281 -0.923419513299 15.6044846593
-2.51500988132 0.18056189956 -15.5438300552
-0.00119637081193 -0.0268858428119 -0.341518792425
0.985366743367 -0.000595264749353 -0.0133772859744 -0.169925658789
0.941893937362 0.334893081133 -0.0261608609008
-0.334863290928 0.942253481242 0.00571931437761
0.026565269962 0.00337309802757 0.999643057128
14.1716725048
0 0 0

00000085.jpg
/home/evan/UAV_Photogrammetry_toolkit/output_dir/Final_Dehazed/5640_dehazed.jpg
7283.96337891
487 274
0.72057618425 -0.178999568702 9.1871139295
0.32403946309 0.0696468680171 -9.21110166158
0.00914914627991 0.114979839828 -0.125706484192
0.996364110885 0.00456902758135 0.0574202273525 -0.0627770478091
0.985524489302 0.125621902016 0.113848942416
-0.124573287681 0.992076665235 -0.016314139493
-0.114996872676 0.0018955209218 0.993364611302
8.31344637638
0 0 0

00000086.jpg
/home/evan/UAV_Photogrammetry_toolkit/output_dir/Final_Dehazed/5670_dehazed.jpg
7501.88330078
487 274
0.621712385212 -0.00203616987971 9.67660463615
0.730703322407 0.100479569922 -9.66844909866
-0.0110667032391 0.138405921865 0.164797231005
0.994201688493 -0.00552265278096 0.0690691557166 0.082239296242
0.976933920236 -0.164287954689 0.136428671239
0.162761834048 0.986414698178 0.0223416357116
-0.138246013706 0.000379112832403 0.990399371193
4.76562146967
0 0 0

00000087.jpg
/home/evan/UAV_Photogrammetry_toolkit/output_dir/Final_Dehazed/5130_dehazed.jpg
10151.734375
487 274
3.47867581719 -1.48435710501 20.1296780976
-4.55868126429 0.124924334724 -19.9677070361
0.00657699217506 -0.0412961736779 -0.302829085615
0.988341694824 0.00327570669711 -0.0205677837347 -0.150825671891
0.953659939268 0.297999624065 -0.0416436636497
-0.298269576655 0.954482692594 -0.000270589848667
0.0396683292909 0.0126794801864 0.99913459105
14.9317075542
0 0 0

00000088.jpg
/home/evan/UAV_Photogrammetry_toolkit/output_dir/Final_Dehazed/5700_dehazed.jpg
7036.20458984
487 274
0.0297838187449 -0.246935775479 8.2028467541
1.0131263375 0.188003839552 -8.14166434636
0.0242981934087 0.134137406543 -0.285007516984
0.987549697185 0.0120986347526 0.0667901296663 -0.141911861172
0.950801701602 0.281905711327 0.128482995122
-0.278674350781 0.959429870849 -0.0428526140968
-0.135351294186 0.00493939824831 0.990786045189
8.56595149905
0 0 0

00000089.jpg
/home/evan/UAV_Photogrammetry_toolkit/output_dir/Final_Dehazed/5010_dehazed.jpg
8458.82324219
487 274
4.72093091836 -0.745683090281 14.5766495068
-5.82766067792 0.295223731726 -14.1870633097
-0.0141133601794 -0.072341778911 -0.123743067885
0.997408483467 -0.00705058320152 -0.0361396382346 -0.0618180776686
0.989745006874 0.123825120394 -0.0712205904193
-0.122806379999 0.992260109131 0.0185330500018
0.0729633366389 -0.0095961959925 0.997289615562
11.8465460254
0 0 0

00000090.jpg
/home/evan/UAV_Photogrammetry_toolkit/output_dir/Final_Dehazed/5040_dehazed.jpg
6173.98193359
487 274
4.70011641089 0.395530562477 7.60476250252
-5.14655642429 0.0356459877897 -7.32060693561
-0.00561445021605 -0.0578718404246 0.0789970617983
0.998798315668 -0.00280610055177 -0.0289243286695 0.0394827080427
0.995210918408 -0.0787078367577 -0.0580004304411
0.0790332124065 0.996868455244 0.00332158746279
0.0575578525866 -0.00788932655603 0.998312927871
7.36092455282
0 0 0

00000091.jpg
/home/evan/UAV_Photogrammetry_toolkit/output_dir/Final_Dehazed/5070_dehazed.jpg
4463.14453125
487 274
4.21377866665 0.799609222212 2.10581448887
-4.32658975081 0.170690868412 -2.02019897928
-0.00603908786521 -0.0204094264829 0.223354577334
0.993714802657 -0.00301321513472 -0.0101833247242 0.111443219217
0.974954184594 -0.221423791205 -0.0209103833652
0.221547315163 0.975145988795 0.00371913600672
0.0195668987095 -0.00825796992514 0.999776262693
4.53544593533
0 0 0

00000092.jpg
/home/evan/UAV_Photogrammetry_toolkit/output_dir/Final_Dehazed/5100_dehazed.jpg
5059.22216797
487 274
4.0268676478 0.694938587735 3.72797873236
-4.06734826766 0.212144827762 -3.74272918583
-0.0127611413753 0.00287037241027 0.211513194853
0.994392077845 -0.00636863897463 0.00143250239663 0.10555883183
0.977711997846 -0.209951381646 0.00150487708661
0.209916082828 0.977635620195 0.0129683740772
-0.00419299905219 -0.012363322495 0.999914799884
6.32382194623
0 0 0

00000093.jpg
/home/evan/UAV_Photogrammetry_toolkit/output_dir/Final_Dehazed/5340_dehazed.jpg
9647.76367188
487 274
2.12084266909 -0.125332626292 17.6378769285
-2.6599682632 -0.166271029484 -17.5642622618
0.0196696325955 -0.0305992831157 0.0228602837002
0.999770128745 0.0098340627057 -0.015298469224 0.0114292660163
0.999273093667 -0.0231541671676 -0.0303651910433
0.0225523878589 0.99954645053 -0.0200131878221
0.0308146191393 0.0193140207274 0.999341697124
17.1648396937
0 0 0

00000094.jpg
/home/evan/UAV_Photogrammetry_toolkit/output_dir/Final_Dehazed/5370_dehazed.jpg
9125.69628906
487 274
2.31444113098 0.526570512308 15.7386226802
-2.64754765644 -0.265641942743 -15.6926013613
0.0112123706208 -0.0167063790112 0.175917341365
0.996084026691 0.00559886550752 -0.008342283034 0.0878438260785
0.984428747651 -0.17509251914 -0.0156359656504
0.174906808861 0.984505905388 -0.0126193010564
0.0176024938549 0.0096884609421 0.999798899879
13.1372736888
0 0 0

00000095.jpg
/home/evan/UAV_Photogrammetry_toolkit/output_dir/Final_Dehazed/6480_dehazed.jpg
2394.06323242
487 274
4.87372976474 0.295352668639 -5.4950639379
-4.80434415124 -0.513545132321 5.53991494348
0.100898268292 -0.00080795611907 -0.160000403861
0.995530887322 0.0503739574424 -0.000403376072218 -0.079880989746
0.987239912015 0.159007468615 -0.00885066947254
-0.159088501793 0.982162076973 -0.100233312901
-0.00724437611614 0.100362009301 0.994925001458
2.86124726559
0 0 0

00000096.jpg
/home/evan/UAV_Photogrammetry_toolkit/output_dir/Final_Dehazed/4050_dehazed.jpg
2573.22753906
487 274
4.9895645208 -0.460169055014 -3.52607005738
-4.78435352862 0.00899732283755 3.82760607185
0.0163944558176 -0.062411759378 -0.104540031324
0.998114051932 0.00819207407858 -0.0311862596652 -0.052237152017
0.992596933514 0.103766008394 -0.0631108560238
-0.10478853345 0.994408900126 -0.0130952223725
0.0613989199723 0.0196112746367 0.99792080902
0.854642946748
0 0 0

00000097.jpg
/home/evan/UAV_Photogrammetry_toolkit/output_dir/Final_Dehazed/4080_dehazed.jpg
2838.6652832
487 274
5.23286682803 0.709762342572 -2.51630454374
-5.06144003447 -0.0322678519122 2.93243686764
0.0228749587517 -0.079056237602 0.119286782158
0.997376214612 0.0114274744613 -0.0394935416499 0.0595912181294
0.989779608739 -0.119772136403 -0.0774173463426
0.117967317845 0.992638131612 -0.0275018834782
0.0801423299469 0.0180880814047 0.996619513543
0.794571653079
0 0 0

00000098.jpg
/home/evan/UAV_Photogrammetry_toolkit/output_dir/Final_Dehazed/780_dehazed.jpg
1111.16784668
487 274
-1.66994550692 -0.61830571604 -9.09760910308
-4.21195989121 0.286247738624 8.25318086432
-0.0115885872972 0.643722189985 -0.172413685345
0.944982427575 -0.00568763604418 0.315936484431 -0.08462000295
0.786047982516 0.156335283736 0.598072130195
-0.163522379501 0.985615577696 -0.042719797833
-0.596145573873 -0.0642186622978 0.800303593494
0.617744864573
0 0 0

00000099.jpg
/home/evan/UAV_Photogrammetry_toolkit/output_dir/Final_Dehazed/1290_dehazed.jpg
5840.74658203
487 274
1.6830390775 -0.53055693513 6.58579829744
-1.5217689165 -0.0882844986264 -6.64555088826
0.0273967217364 0.0332711445053 -0.270665839105
0.990625286116 0.0136555279841 0.0165835551138 -0.134909752188
0.963050579477 0.267743081625 0.0291715585628
-0.26683696582 0.963227094885 -0.0315294788093
-0.0365407975551 0.0225805664559 0.99907615561
-2.07121737985
0 0 0

00000100.jpg
/home/evan/UAV_Photogrammetry_toolkit/output_dir/Final_Dehazed/5760_dehazed.jpg
7557.55224609
487 274
-0.235949637678 -0.125460583784 9.62553540899
1.1457472926 0.0280909001976 -9.5607700211
-0.00134451448884 0.0932955913336 0.159213347587
0.995747100631 -0.000671303959802 0.0465816474381 0.0794937887069
0.983023026506 -0.158372962672 0.09265963855
0.15824987582 0.98736415182 0.00874299148021
-0.0928745229662 0.00606919559375 0.995661975334
10.4842990732
0 0 0

00000101.jpg
/home/evan/UAV_Photogrammetry_toolkit/output_dir/Final_Dehazed/5790_dehazed.jpg
7840.03222656
487 274
-0.364659452184 -0.0236220136378 10.2889007326
1.45158680669 -0.0161009098022 -10.1925108845
0.0157200812441 0.105927634493 -0.133636680833
0.996337165428 0.00785044160044 0.0528991355417 -0.0667367389689
0.98549815483 0.133815492294 0.104363108195
-0.132153681043 0.990970947971 -0.0227039333062
-0.106458390842 0.00858281361992 0.99428188605
11.0249336662
0 0 0

00000102.jpg
/home/evan/UAV_Photogrammetry_toolkit/output_dir/Final_Dehazed/5730_dehazed.jpg
7055.53027344
487 274
-0.25011913921 -0.0972071271042 8.32789189365
1.01612089738 0.0816914881295 -8.26960770071
0.00804340324783 0.0930584641059 -0.0809559476726
0.998091240192 0.00401914247735 0.0464996239081 -0.0404522163144
0.992403469649 0.0811241727452 0.092496518216
-0.0803758382537 0.996696285173 -0.0117849717637
-0.0931469509634 0.00426091183524 0.99564474017
9.41292764725
0 0 0

00000103.jpg
/home/evan/UAV_Photogrammetry_toolkit/output_dir/Final_Dehazed/5820_dehazed.jpg
7889.60253906
487 274
-0.471995318908 -0.0343701282139 10.3260612318
1.62124789743 0.0288773519259 -10.2089123956
0.00145420478774 0.111841713328 -0.00902423753977
0.998426955892 0.000726721099161 0.0558915315963 -0.00450975260106
0.993712547777 0.00908660012532 0.111600669358
-0.00892403411991 0.999960226902 -0.001955349954
-0.111613777649 0.000946961785268 0.993752770329
10.4687241823
0 0 0

00000104.jpg
/home/evan/UAV_Photogrammetry_toolkit/output_dir/Final_Dehazed/5850_dehazed.jpg
8254.02441406
487 274
-0.552014965208 -0.11857202563 11.2961380742
1.93849510297 0.0334692394653 -11.1428085617
0.00493510160146 0.123254342777 0.0237875359012
0.998028540995 0.00246592902909 0.0615866675826 0.0118859508975
0.992132884945 -0.0234210260011 0.122989269917
0.0240290469293 0.999707190123 -0.00345805065873
-0.122871738052 0.00638621954568 0.99240379949
9.87193068165
0 0 0

00000105.jpg
/home/evan/UAV_Photogrammetry_toolkit/output_dir/Final_Dehazed/5880_dehazed.jpg
7745.31494141
487 274
-0.700469467358 -0.0132489136169 9.93488416228
1.79797072245 0.0149291544994 -9.79589865014
0.00858742923014 0.111187316229 -0.0691597094691
0.997848883257 0.00429063541286 0.0555537895789 -0.0345550560754
0.99144106802 0.069438378598 0.110571703623
-0.0684845178648 0.997576838348 -0.0124020365332
-0.111165443945 0.00472358648752 0.993791668897
6.00108588844
0 0 0

00000106.jpg
/home/evan/UAV_Photogrammetry_toolkit/output_dir/Final_Dehazed/1110_dehazed.jpg
995.978027344
487 274
-0.937624830633 -0.115913201096 -9.1273559628
-3.00936126003 -0.0832042173051 8.6682188004
-0.00427032921907 0.435419461514 -0.152121604566
0.973524091306 -0.00211628766386 0.215784963579 -0.0753883503202
0.895506851196 0.145871588686 0.420463035371
-0.147697912276 0.98862494757 -0.0284147660546
-0.419824406973 -0.0366557941542 0.906864826649
0.373895229767
0 0 0

00000107.jpg
/home/evan/UAV_Photogrammetry_toolkit/output_dir/Final_Dehazed/6000_dehazed.jpg
10468.2402344
487 274
-1.14956170486 -0.198873803317 20.1771884378
2.92649980686 0.0602462256 -19.9977941855
0.00590602035065 0.0883385303819 0.00976262204619
0.999008701795 0.0029520343396 0.0441546692551 0.00487969797153
0.996053195938 -0.00948885514336 0.0882505388643
0.0100105877994 0.99993685148 -0.00546737294631
-0.0881930563786 0.00632905902672 0.996083497633
15.8786187514
0 0 0

00000108.jpg
/home/evan/UAV_Photogrammetry_toolkit/output_dir/Final_Dehazed/6930_dehazed.jpg
1415.54406738
487 274
7.58202305141 -0.00308682553918 -7.35785297226
-6.56393652997 -0.385953395763 8.26985782308
0.0189609385041 -0.128188432 -0.0758475808127
0.997183424596 0.00947156676078 -0.0640340292956 -0.0378881786445
0.988928411154 0.0743501964547 -0.128425910074
-0.0767756584749 0.996949967134 -0.0140374237381
0.126988780421 0.0237421337771 0.991620750871
0.972385824573
0 0 0

00000109.jpg
/home/evan/UAV_Photogrammetry_toolkit/output_dir/Final_Dehazed/6780_dehazed.jpg
1384.38476562
487 274
7.43729805481 -0.00478718535593 -7.34824124766
-6.48130807795 -0.146943939602 8.20249278221
0.00568125655204 -0.122531225482 -0.0281212379917
0.99802140642 0.00283875454582 -0.0612252008259 -0.0140513443552
0.992107750248 0.0276995763147 -0.122288653058
-0.0283945935073 0.999591451231 -0.00394550997318
0.122127591088 0.00738704124403 0.992487709215
0.872235657097
0 0 0

00000110.jpg
/home/evan/UAV_Photogrammetry_toolkit/output_dir/Final_Dehazed/1200_dehazed.jpg
1076.07202148
487 274
-1.92518471973 -1.33370039548 -8.66621328755
-2.60325303329 0.393989746375 8.58229877632
-0.104524644815 0.50815067103 -0.0498361599433
0.966238824007 -0.0516728420672 0.251209553661 -0.0246370224606
0.872573645104 0.0216492255435 0.488002718665
-0.0735717648937 0.99344670659 0.0874785041815
-0.482910976169 -0.112234720427 0.86844950838
0.537821270412
0 0 0

00000111.jpg
/home/evan/UAV_Photogrammetry_toolkit/output_dir/Final_Dehazed/1170_dehazed.jpg
1047.19799805
487 274
-1.82627264924 -0.596565480266 -8.80267537686
-2.77100564254 0.202794445132 8.57079420144
-0.0410601378699 0.514522728816 -0.0596876862311
0.966441742984 -0.0202998998977 0.254377126622 -0.0295092544369
0.868843048607 0.0467103711094 0.492879532087
-0.0673655300593 0.997434181484 0.0242242550796
-0.490483162426 -0.0542504274787 0.869761340238
0.455665776167
0 0 0

00000112.jpg
/home/evan/UAV_Photogrammetry_toolkit/output_dir/Final_Dehazed/90_dehazed.jpg
1802.19213867
487 274
4.83445945225 -0.503321618668 -5.91890604952
-5.14108317968 0.259804029596 5.67101524321
0.0809407226102 0.0433872708763 -0.142745122414
0.996401416158 0.0404218043194 0.0216676070679 -0.0712869272686
0.988898380385 0.143812522593 0.0374159291737
-0.140309058543 0.986570795536 -0.0836418119123
-0.0489426082954 0.0774635603578 0.995793952567
1.48821421405
0 0 0

00000113.jpg
/home/evan/UAV_Photogrammetry_toolkit/output_dir/Final_Dehazed/930_dehazed.jpg
1111.13830566
487 274
-1.39356798432 -0.563151667212 -9.35806144742
-2.78274271336 0.24634584529 9.05693655246
-0.0385809860402 0.448517468314 0.0632080630837
0.974279886911 -0.0191248231351 0.222332763749 0.0313326109894
0.899174782216 -0.0695574690281 0.432030767623
0.0525494617374 0.997305287681 0.0511984689482
-0.434426592066 -0.0233332531367 0.900405122261
0.793899100186
0 0 0

00000114.jpg
/home/evan/UAV_Photogrammetry_toolkit/output_dir/Final_Dehazed/0_dehazed.jpg
1314.4005127
487 274
6.09523785418 -1.23577076256 -6.36624263396
-5.46722222922 0.684624420928 6.98918325635
-0.0326382062847 -0.102199982389 -0.0575161260755
0.998148841834 -0.0163090321521 -0.0510684559127 -0.0287403156058
0.993132915682 0.0590398185008 -0.101010315033
-0.0557086324426 0.997818038469 0.0354932304731
0.102885365461 -0.029622135743 0.994253487671
0.783569672031
0 0 0

00000115.jpg
/home/evan/UAV_Photogrammetry_toolkit/output_dir/Final_Dehazed/30_dehazed.jpg
1031.80053711
487 274
6.16803673852 -1.30483831914 -7.12022303943
-5.40905181372 0.676586676114 7.79288843135
-0.0390208061976 -0.109365717151 -0.0581154409311
0.997893519848 -0.0194967017484 -0.0546444570619 -0.0290373144284
0.992341818379 0.0600828062843 -0.107926561453
-0.055821785323 0.99755558713 0.0420848538959
0.110190836938 -0.0357376754365 0.993268502307
0.475654864934
0 0 0

00000116.jpg
/home/evan/UAV_Photogrammetry_toolkit/output_dir/Final_Dehazed/1350_dehazed.jpg
1133.47521973
487 274
-6.3172638905 0.210460815505 -6.87615874228
-1.98765137288 0.286565540262 9.12143083205
-0.00791755796072 0.952297912367 -0.240090110335
0.881832041357 -0.00380158107823 0.457241707917 -0.115278224049
0.555283535606 0.199835396364 0.807297470063
-0.206788730185 0.973394505682 -0.098715438174
-0.805544084679 -0.112124862184 0.581832955364
0.910198790722
0 0 0

00000117.jpg
/home/evan/UAV_Photogrammetry_toolkit/output_dir/Final_Dehazed/360_dehazed.jpg
1245.94238281
487 274
5.71061273265 -1.25818647664 -6.40772910822
-5.38098695561 -0.187912830143 6.80166237641
0.0659457326216 -0.0766642502026 -0.33660348568
0.984599159458 0.0328034219251 -0.0381351400006 -0.167436856386
0.941023288127 0.327214890922 -0.086080547033
-0.332217861316 0.941778644911 -0.0518257436905
0.0641107601286 0.0773671429287 0.994940086183
0.62719034345
0 0 0

00000118.jpg
/home/evan/UAV_Photogrammetry_toolkit/output_dir/Final_Dehazed/330_dehazed.jpg
1030.66638184
487 274
6.05870830944 -0.468234790329 -7.09356093128
-5.49659022203 -0.0139133433211 7.55202028702
0.0500773917359 -0.0811180980365 -0.146707579691
0.996176386465 0.0250067749603 -0.0405073417861 -0.0732602738108
0.985984745624 0.143934560388 -0.0843683626904
-0.147986058957 0.988015827117 -0.0438872405427
0.0770414667728 0.0557573943256 0.99546899906
0.473817622338
0 0 0

00000119.jpg
/home/evan/UAV_Photogrammetry_toolkit/output_dir/Final_Dehazed/300_dehazed.jpg
1163.03173828
487 274
5.8855099796 0.018752559887 -6.88160080489
-5.54748421275 -4.4408920985e-16 7.15689927585
0.0802898799129 -0.0479564356811 -0.0953115325079
0.997772623088 0.0401151295573 -0.0239604123526 -0.047620378546
0.994318628473 0.0931060813854 -0.0516345237599
-0.0969511586717 0.992247833434 -0.0777693747771
0.0439936501735 0.0823337373986 0.995634367627
0.593725647223
0 0 0

00000120.jpg
/home/evan/UAV_Photogrammetry_toolkit/output_dir/Final_Dehazed/270_dehazed.jpg
1042.18237305
487 274
5.84288736309 -0.415522001498 -7.34171724715
-5.56018277661 0.204436900172 7.56670970768
0.0642978857925 -0.0428907884631 -0.121022152325
0.997424081622 0.032121333802 -0.0214269772058 -0.060459110037
0.991774145254 0.119230353105 -0.0466275223694
-0.121983136112 0.990625921133 -0.0614860410229
0.0388596098762 0.0666683264487 0.997019128014
0.497337079374
0 0 0

00000121.jpg
/home/evan/UAV_Photogrammetry_toolkit/output_dir/Final_Dehazed/240_dehazed.jpg
981.660766602
487 274
5.92282826867 -0.613966718322 -7.47164805719
-5.52928313304 0.322382691551 7.7849414849
0.0495056337725 -0.0586727991304 -0.116791597004
0.997559539401 0.0247326775168 -0.0293125309045 -0.0583482865534
0.991474298887 0.11496212778 -0.0613682135059
-0.117861431657 0.991967327524 -0.045923993834
0.0555957658051 0.0527652797334 0.997058512191
0.45270857786
0 0 0

00000122.jpg
/home/evan/UAV_Photogrammetry_toolkit/output_dir/Final_Dehazed/210_dehazed.jpg
938.063720703
487 274
5.85624294492 -0.653808382123 -7.68325524808
-5.54296817051 0.522743770289 7.92196695658
0.0665099492369 -0.0486788332744 -0.11400783624
0.997527411997 0.0332275614807 -0.0243193528786 -0.0569569279695
0.992329877377 0.112016178925 -0.0523033966127
-0.115248208886 0.991304030171 -0.0635204338051
0.0447334879412 0.069061179838 0.996609843192
0.409656062892
0 0 0

00000123.jpg
/home/evan/UAV_Photogrammetry_toolkit/output_dir/Final_Dehazed/60_dehazed.jpg
5337.44580078
487 274
4.50714528004 -2.70756349499 4.3301166183
-4.38529339826 3.35694797655 -3.98688796475
-0.186216352579 0.0500453723304 -0.0285751968342
0.995254116694 -0.0929608361211 0.0249830887105 -0.0142649888328
0.998344528048 0.0237496704888 0.0523812111457
-0.0330394849531 0.982310531711 0.184326647381
-0.0470768764017 -0.185751971982 0.981467967424
11.6487446029
0 0 0

00000124.jpg
/home/evan/UAV_Photogrammetry_toolkit/output_dir/Final_Dehazed/6870_dehazed.jpg
1337.93212891
487 274
6.9719630311 0.692979310868 -7.62775054484
-6.04665718918 -0.155565337716 8.40740708122
0.0103079322775 -0.118915175644 0.0697325968113
0.997612712661 0.00514986415294 -0.0594102661721 0.0348385486965
0.990514170405 -0.0701224056731 -0.11817817405
0.0688991106081 0.997520876731 -0.0144147101649
0.118895573133 0.00613556962493 0.992889450719
0.839370269724
0 0 0

00000125.jpg
/home/evan/UAV_Photogrammetry_toolkit/output_dir/Final_Dehazed/6900_dehazed.jpg
1290.0925293
487 274
7.20888390156 0.715136115349 -7.65755864379
-6.2022948228 -0.252652715128 8.51970054305
-0.018715717251 -0.129648490686 0.0913990731957
0.9968126027 -0.00934791410675 -0.064755357155 0.0456509720794
0.987444466548 -0.0898001914 -0.129951804699
0.092221665777 0.995657962126 0.0127241012489
0.128244019718 -0.0245483731134 0.991439030932
0.743950742338
0 0 0

00000126.jpg
/home/evan/UAV_Photogrammetry_toolkit/output_dir/Final_Dehazed/180_dehazed.jpg
987.897399902
487 274
5.70746166578 -0.953568793159 -7.66479012189
-5.55766575924 0.523206843699 7.81484999069
0.00696532992058 -0.027536337551 -0.0859251713437
0.998976878062 0.00348147714895 -0.01376347295 -0.0429479326842
0.995934838849 0.0857124410049 -0.0277975968123
-0.0859035258437 0.996287387928 -0.00577345319864
0.0271999681432 0.00813820749458 0.999596984836
0.43830447604
0 0 0

00000127.jpg
/home/evan/UAV_Photogrammetry_toolkit/output_dir/Final_Dehazed/6810_dehazed.jpg
1231.83752441
487 274
7.40618440053 -1.0309638789 -7.54531156617
-6.34518067439 -0.137268741054 8.51854720427
0.0167422540198 -0.141976139416 -0.188671498565
0.993004196388 0.0083515969702 -0.0708224528423 -0.0941156617214
0.97225372102 0.185731534242 -0.142226569435
-0.188097453899 0.982145458971 -0.00325531797094
0.139081402049 0.0299173653809 0.989830156188
0.694120105764
0 0 0

00000128.jpg
/home/evan/UAV_Photogrammetry_toolkit/output_dir/Final_Dehazed/6660_dehazed.jpg
1230.5793457
487 274
6.0761750355 0.125444645319 -7.70846964348
-5.44003557794 -0.05454547046 8.17063387517
0.000920529879542 -0.0802038466732 0.011036883625
0.999180722904 0.000460139238064 -0.0400909712092 0.00551693468585
0.996725424607 -0.0110615514658 -0.0801108741053
0.0109881076847 0.999938668161 -0.00136180664365
0.0801216282737 0.000477242382445 0.996784375324
0.785631814371
0 0 0

00000129.jpg
/home/evan/UAV_Photogrammetry_toolkit/output_dir/Final_Dehazed/4530_dehazed.jpg
3155.61962891
487 274
5.1542464551 -0.299699550054 -1.71461015015
-5.00152473439 -0.120011101263 2.13690489613
0.0329905304269 -0.0836283224947 -0.0950477078476
0.99786129042 0.0164835040087 -0.0417843475459 -0.0474899691835
0.991996591842 0.0933989163887 -0.0849556094382
-0.0961546913371 0.994947830932 -0.0289276945451
0.0818243224078 0.0368653077778 0.995964196901
1.95949030622
0 0 0

00000130.jpg
/home/evan/UAV_Photogrammetry_toolkit/output_dir/Final_Dehazed/120_dehazed.jpg
1684.05859375
487 274
2.67671815905 -3.15405711664 -6.94407598045
-5.22522953925 1.19147160908 6.0506589945
-0.139820962802 0.299678989325 -0.259463899768
0.977996509656 -0.0693969670681 0.148738876749 -0.128779028171
0.922586069204 0.231246806525 0.308806333209
-0.272534953748 0.957201002872 0.0974309752473
-0.273058076036 -0.174048991046 0.94612161952
0.65250216005
0 0 0

00000131.jpg
/home/evan/UAV_Photogrammetry_toolkit/output_dir/Final_Dehazed/6750_dehazed.jpg
1208.20825195
487 274
7.01347175103 -3.79623874189 -7.20335982984
-6.5547415483 -0.185107174131 8.5140816385
-0.00266401905661 -0.186737329016 -0.566285579591
0.955883845105 -0.00131236359301 -0.0919915611897 -0.278966689844
0.82743138796 0.533560992449 -0.175134201172
-0.533078016128 0.844352293998 0.0538338493413
0.176598787737 0.0488159807115 0.98307201937
0.708698849763
0 0 0

00000132.jpg
/home/evan/UAV_Photogrammetry_toolkit/output_dir/Final_Dehazed/4680_dehazed.jpg
4517.83789062
487 274
5.42053273329 -0.845712813816 2.53381204651
-5.7093262234 0.363580571046 -1.94655276953
-0.0208405901268 -0.103088119828 -0.0948820182439
0.997492953932 -0.0104115855538 -0.0515009782661 -0.0474013568933
0.990200881536 0.0956373416948 -0.101756936615
-0.0934927363368 0.995289868424 0.0256534407636
0.103730515149 -0.0158884921532 0.994478022612
4.68359611523
0 0 0

00000133.jpg
/home/evan/UAV_Photogrammetry_toolkit/output_dir/Final_Dehazed/4920_dehazed.jpg
8184.1484375
487 274
5.04668105365 -0.0628791995833 13.4815532953
-6.89903113361 0.0776777453095 -12.6341656257
-0.0056481759212 -0.141566137691 -0.0098746945575
0.99748009809 -0.00282171542031 -0.0707236033877 -0.00493319937135
0.989948688456 0.0102406094586 -0.141062762198
-0.00944246331268 0.999936224595 0.00632708502776
0.14111878518 -0.00493133486916 0.989981271293
7.561783729
0 0 0

00000134.jpg
/home/evan/UAV_Photogrammetry_toolkit/output_dir/Final_Dehazed/4140_dehazed.jpg
1785.94750977
487 274
4.35125855969 0.125593957147 -6.13215887088
-4.07819332348 -0.111436641042 6.31732244369
0.113187116809 -0.0405970263456 -0.163819173953
0.994842380284 0.0564962288913 -0.0202636038217 -0.0817687189973
0.985807277652 0.160404556517 -0.049557539534
-0.164983391643 0.980244109724 -0.109095747223
0.0310788279023 0.115723624086 0.992794059065
1.16140092382
0 0 0

00000135.jpg
/home/evan/UAV_Photogrammetry_toolkit/output_dir/Final_Dehazed/4590_dehazed.jpg
5.87858390808
487 274
6.21264699941 -0.0732161353196 -10.9939163103
-4.33841233973 -0.102910947335 11.8589892941
-0.0126309515057 -0.163648222333 -0.00595238533507
0.996630437416 -0.00630838069451 -0.0817321866836 -0.00297284909352
0.986623289073 0.00695663506881 -0.162876648728
-0.004894692501 0.999904424708 0.0130603079845
0.162950491134 -0.0120881888594 0.986561201358
-0.000123109130083
0 0 0

00000136.jpg
/home/evan/UAV_Photogrammetry_toolkit/output_dir/Final_Dehazed/1050_dehazed.jpg
3224.31323242
487 274
2.88998413376 0.905255665985 -0.972515812009
-2.99443530005 -0.782461895545 0.733744426007
0.0688038900575 0.100783620929 0.0217311268138
0.998080273525 0.0343799281018 0.0503595601714 0.0108586095467
0.994692730029 -0.0182127158938 0.101272501572
0.0251383400522 0.997400176642 -0.0675342783657
-0.0997790327898 0.0697214338089 0.992564022926
-12.339489702
0 0 0

00000137.jpg
/home/evan/UAV_Photogrammetry_toolkit/output_dir/Final_Dehazed/3570_dehazed.jpg
1069.61437988
487 274
4.56506401142 0.113186331363 -8.09816351684
-4.29404238542 0.0398941346792 8.24575237048
0.020797056403 -0.0331433722674 -0.00381333199201
0.999806963175 0.0103978590933 -0.0165706198048 -0.00190654330884
0.999443320488 0.00346755604945 -0.0331747006557
-0.00415714505365 0.999777725209 -0.0207285579247
0.033094983604 0.0208548497695 0.99923480876
-0.384223958611
0 0 0

00000138.jpg
/home/evan/UAV_Photogrammetry_toolkit/output_dir/Final_Dehazed/6840_dehazed.jpg
2174.94995117
487 274
7.06566952183 -0.34955212133 -6.05325746064
-6.29456334053 -0.390391960546 6.84935355592
0.060142386268 -0.118533984409 -0.168425596938
0.994251582676 0.0300135504327 -0.0591533848227 -0.0840513731086
0.97887366333 0.16358591784 -0.122672104977
-0.170686925118 0.98406977394 -0.0497382138444
0.112581280945 0.0696258662335 0.991201401344
2.17242343032
0 0 0

00000139.jpg
/home/evan/UAV_Photogrammetry_toolkit/output_dir/Final_Dehazed/5970_dehazed.jpg
1428.08337402
487 274
4.45461310385 -0.387657649627 -18.4270754537
-1.86886136399 0.178990182188 18.868671981
-0.00318856755852 -0.139127553465 -0.0470742620559
0.997303133191 -0.00159285033108 -0.069501230735 -0.0235159683855
0.989232022858 0.047126494497 -0.138552982361
-0.0466837013066 0.998888830944 0.00644565713014
0.13870219833 9.14386265639e-05 0.990333304086
1.22756668942
0 0 0

00000140.jpg
/home/evan/UAV_Photogrammetry_toolkit/output_dir/Final_Dehazed/2340_dehazed.jpg
2190.71679688
487 274
3.46506414625 0.73890695913 -7.17758738149
-2.58305267533 -0.397266617562 7.5657326416
0.143921270586 -0.100378640069 -0.238685923425
0.989050356933 0.0716977953079 -0.0500060009173 -0.118907055301
0.966722143046 0.228039155225 -0.115967299672
-0.242381106725 0.961441417443 -0.129933423765
0.0818665125522 0.153717496397 0.984718873708
1.13006838798
0 0 0

00000141.jpg
/home/evan/UAV_Photogrammetry_toolkit/output_dir/Final_Dehazed/2310_dehazed.jpg
2259.88916016
487 274
3.9867319353 0.657244031044 -6.8662161005
-2.9221010229 -0.449883024099 7.39795556819
0.137794869278 -0.130737500989 -0.224901641291
0.989187204734 0.0686489305529 -0.0651329739129 -0.11204522516
0.966407886411 0.21272465268 -0.144241100396
-0.23061015964 0.965466609284 -0.121217702418
0.113473717207 0.150408872468 0.982090808339
1.19939026007
0 0 0

00000142.jpg
/home/evan/UAV_Photogrammetry_toolkit/output_dir/Final_Dehazed/2370_dehazed.jpg
2158.44628906
487 274
2.62183364321 0.714399877073 -7.40676481817
-2.09948629902 -0.376473584823 7.59570747123
0.147375400226 -0.0451193474056 -0.326711331179
0.983732667981 0.073287697672 -0.022437211955 -0.162468914274
0.94620144143 0.316362653068 -0.0679587122956
-0.322941260944 0.936465957726 -0.136900471428
0.0203301612186 0.151481538016 0.988252449057
1.06773093384
0 0 0

00000143.jpg
/home/evan/UAV_Photogrammetry_toolkit/output_dir/Final_Dehazed/2280_dehazed.jpg
2391.27172852
487 274
4.2942582781 0.963542677644 -6.51111444606
-3.19540966844 -0.440799176598 7.16649952096
0.143739624209 -0.147218646248 -0.123577081615
0.992808085105 0.0716974354973 -0.0734327743752 -0.0616403436892
0.981615254692 0.111863981807 -0.154648144223
-0.132924144526 0.982121569037 -0.133310745711
0.136970464223 0.15141642886 0.97893475167
1.81062358798
0 0 0

00000144.jpg
/home/evan/UAV_Photogrammetry_toolkit/output_dir/Final_Dehazed/2250_dehazed.jpg
2495.3527832
487 274
4.66698815639 0.246549503121 -6.19487475076
-3.45195007307 -0.414094805159 6.93762234997
0.116757053008 -0.171999560886 -0.229798110637
0.988021346282 0.0581452411059 -0.0856561182403 -0.114439909234
0.959134259691 0.216176977675 -0.182567852677
-0.236099315084 0.967045879281 -0.0952925718304
0.155952440367 0.134502385759 0.978564583864
1.95896239187
0 0 0

00000145.jpg
/home/evan/UAV_Photogrammetry_toolkit/output_dir/Final_Dehazed/2220_dehazed.jpg
2479.46240234
487 274
4.59398696536 1.54075987559 -6.1149637223
-3.58094935215 -0.440395690628 6.91767531414
0.155434522239 -0.157905631047 0.0202960601842
0.99381840839 0.0775570562384 -0.078790063694 0.0101271111362
0.987379118323 -0.0323504989076 -0.155034650065
0.0079075389764 0.987765594051 -0.155751118565
0.158177412724 0.152559402196 0.975555403043
1.66074351987
0 0 0

00000146.jpg
/home/evan/UAV_Photogrammetry_toolkit/output_dir/Final_Dehazed/2190_dehazed.jpg
2211.50366211
487 274
5.12919116853 1.29588663941 -6.63985819597
-3.73660519921 -0.409100512943 7.61222690141
0.149047942382 -0.189595231878 -0.0405511924434
0.992533842864 0.0743384094838 -0.0945615736676 -0.0202251107982
0.981299654547 0.0260890286618 -0.190718006855
-0.0542073991097 0.988130057124 -0.14374161329
0.184704241543 0.15139193566 0.971064005252
1.47688087652
0 0 0

00000147.jpg
/home/evan/UAV_Photogrammetry_toolkit/output_dir/Final_Dehazed/2160_dehazed.jpg
2257.06201172
487 274
6.53679294993 0.665615177198 -5.93510647806
-4.42181373902 -0.431854859477 7.6589284062
0.1349990399 -0.297865839315 -0.125238731053
0.984710189512 0.067155149713 -0.148173091071 -0.0622998929473
0.948327116041 0.102792971209 -0.300182390154
-0.142596386354 0.983218543634 -0.113794265372
0.283447820203 0.150719175431 0.947070969639
1.58290277499
0 0 0

00000148.jpg
/home/evan/UAV_Photogrammetry_toolkit/output_dir/Final_Dehazed/2130_dehazed.jpg
2315.55615234
487 274
6.52205130144 -0.122189744823 -6.00415452325
-4.4308143885 -0.423872210799 7.66746875765
0.117404980534 -0.29638803295 -0.244912327404
0.979866488049 0.058307996497 -0.147198119776 -0.121633231089
0.927076284647 0.221202941925 -0.302653542324
-0.255534365985 0.963610599192 -0.0784597713698
0.274284476365 0.150076435641 0.949866453771
1.69914041488
0 0 0

00000149.jpg
/home/evan/UAV_Photogrammetry_toolkit/output_dir/Final_Dehazed/2100_dehazed.jpg
2475.22705078
487 274
6.37051653843 1.27954173331 -5.98188642381
-4.44039012349 -0.42948587271 7.62247157408
0.156954372293 -0.276095159609 -0.0415980485294
0.987203463787 0.0781421543159 -0.137458232306 -0.0207102298582
0.961353411825 0.0194077273305 -0.274634936756
-0.0623731152767 0.986930519243 -0.14859090939
0.268162035477 0.159977912244 0.949998784583
1.87080696894
0 0 0

00000150.jpg
/home/evan/UAV_Photogrammetry_toolkit/output_dir/Final_Dehazed/2070_dehazed.jpg
2059.55517578
487 274
6.42127498761 1.90244807711 -7.21182174512
-4.20195587254 -0.154894955146 8.89843051586
0.159439550085 -0.283659799912 0.0841109954198
0.985913597321 0.0793451007178 -0.141163314759 0.041857841417
0.956642080423 -0.104937749736 -0.271706510894
0.0601351102945 0.98390538061 -0.16827248522
0.284992814961 0.144637169494 0.947555024499
1.3976259172
0 0 0

00000151.jpg
/home/evan/UAV_Photogrammetry_toolkit/output_dir/Final_Dehazed/2040_dehazed.jpg
2814.77050781
487 274
7.17739939719 0.840000162488 -5.82614379406
-4.94551807831 -0.427651932562 7.84369771961
0.107583846476 -0.318380739965 -0.0539418794725
0.985553835043 0.0535326439121 -0.158423065724 -0.0268409386757
0.948363322246 0.0359447437157 -0.315142129575
-0.0698680164762 0.992828503695 -0.0970140232273
0.309395710358 0.114023186803 0.944073621127
3.62269848763
0 0 0

00000152.jpg
/home/evan/UAV_Photogrammetry_toolkit/output_dir/Final_Dehazed/5940_dehazed.jpg
30347.546875
487 274
-1.37441348237 -0.00574586275878 78.0534079791
10.2857614137 -0.158519959523 -77.3848175356
0.00684400270403 0.114435375168 -0.0631001327794
0.9978603644 0.00341956039173 0.057176873426 -0.0315275612966
0.991473832936 0.0633112667424 0.113893319031
-0.0625291484738 0.997989892621 -0.0104297859509
-0.114324823978 0.00321918916342 0.993437501805
260.366985361
0 0 0

00000153.jpg
/home/evan/UAV_Photogrammetry_toolkit/output_dir/Final_Dehazed/2400_dehazed.jpg
636.390869141
487 274
1.89243604835 1.71535216211 -11.2504232127
-2.47041063725 0.362133585699 11.2632758789
0.138289921397 0.0370316740222 0.232797660855
0.99067846515 0.0689299811683 0.0184582691724 0.116036933253
0.972389500274 -0.227365700021 0.0525692595348
0.232455463724 0.963568650495 -0.132291200032
-0.0205755795575 0.140858591754 0.989817134477
0.00953276844612
0 0 0

00000154.jpg
/home/evan/UAV_Photogrammetry_toolkit/output_dir/Final_Dehazed/2010_dehazed.jpg
2834.41723633
487 274
7.24096762932 -0.635262692944 -5.77177881681
-5.15063713359 -0.440073101369 7.70881218814
0.109886405438 -0.309347890931 -0.290315496109
0.976089369218 0.0545045917923 -0.153439185219 -0.143998955497
0.91144214101 0.264385076699 -0.315238077248
-0.297838321859 0.952588277371 -0.0622126909014
0.283843352806 0.150592719587 0.946971408421
3.15638423923
0 0 0

00000155.jpg
/home/evan/UAV_Photogrammetry_toolkit/output_dir/Final_Dehazed/1890_dehazed.jpg
2657.10107422
487 274
8.21712520693 0.849384785095 -5.3918833403
-5.7282650974 -0.433455951862 8.01960967691
0.138173392705 -0.359309885225 -0.0739981099215
0.980852543784 0.0686451860752 -0.178506827162 -0.0367626062105
0.933567715309 0.0476100007106 -0.355224895457
-0.0966247825602 0.98787329653 -0.121536787173
0.345130606561 0.147786434349 0.926845838755
2.50115043252
0 0 0

00000156.jpg
/home/evan/UAV_Photogrammetry_toolkit/output_dir/Final_Dehazed/1920_dehazed.jpg
2705.81469727
487 274
8.24353911386 0.863683049533 -5.27437528375
-5.76314829411 -0.437852234215 7.94453058595
0.127815202884 -0.364520484196 -0.0605988539524
0.980950181133 0.0635012743069 -0.18110142405 -0.0301067819845
0.932590592854 0.0360659159798 -0.359126276473
-0.0820670969841 0.990123472737 -0.113678223661
0.351479622427 0.135488122473 0.926338965868
3.07271790618
0 0 0

00000157.jpg
/home/evan/UAV_Photogrammetry_toolkit/output_dir/Final_Dehazed/1860_dehazed.jpg
2681.38867188
487 274
8.25671809884 1.17306827794 -5.28449827411
-5.71890401265 -0.428531880535 8.03652991289
0.146854680515 -0.37170806457 -0.0348613314984
0.979948830577 0.0729359130616 -0.184610166912 -0.017314007524
0.931238240938 0.00700411396657 -0.364343134614
-0.0608632517364 0.988761348616 -0.136554411456
0.359290934099 0.149339439392 0.921199252648
2.47024582835
0 0 0

00000158.jpg
/home/evan/UAV_Photogrammetry_toolkit/output_dir/Final_Dehazed/1950_dehazed.jpg
2767.90136719
487 274
8.52565937722 -0.669532250178 -5.1405849152
-5.97564685042 -0.445907486436 7.97831968959
0.0903961096355 -0.38585475088 -0.232900005602
0.97370411806 0.0448011816795 -0.191233327029 -0.115427483619
0.900212364912 0.207649160195 -0.382751756994
-0.241919704351 0.969340721056 -0.0430990732553
0.362066955159 0.131393307126 0.92284575214
2.90211645381
0 0 0

00000159.jpg
/home/evan/UAV_Photogrammetry_toolkit/output_dir/Final_Dehazed/1980_dehazed.jpg
2677.13525391
487 274
8.19955973672 1.51020400598 -5.3678940766
-5.673085079 -0.415822853073 8.12225257426
0.135404831158 -0.373048274739 0.024020046594
0.980305543299 0.0672573751766 -0.185298024882 0.0119310756619
0.931044537378 -0.0483176052259 -0.36169232629
-0.00153320679055 0.990668906989 -0.136287222919
0.364902397528 0.127443887935 0.922282388524
2.55116793151
0 0 0

00000160.jpg
/home/evan/UAV_Photogrammetry_toolkit/output_dir/Final_Dehazed/1800_dehazed.jpg
2142.44018555
487 274
8.55429690873 -0.542887367358 -6.73220617334
-5.57352434681 -0.352620380359 9.35974755357
0.110370303796 -0.366938152896 -0.250266067528
0.973931860544 0.0547047885841 -0.181872056044 -0.124043803841
0.903070719044 0.221721754629 -0.367833281838
-0.261519096025 0.96324200947 -0.0614372251434
0.34069067786 0.151677720962 0.927860347416
1.68482365341
0 0 0

00000161.jpg
/home/evan/UAV_Photogrammetry_toolkit/output_dir/Final_Dehazed/1770_dehazed.jpg
2178.1003418
487 274
10.8964719559 -1.27089411534 -4.79495601857
-6.72514468449 -0.451939336347 9.89484442059
0.0942615621781 -0.563855992262 -0.267579593979
0.9506098988 0.046352264344 -0.277271046664 -0.131579827308
0.811615522212 0.22445798219 -0.539351456422
-0.275866363096 0.961077027424 -0.0151592657489
0.514954950015 0.16109241952 0.841944169153
1.00658967217
0 0 0

00000162.jpg
/home/evan/UAV_Photogrammetry_toolkit/output_dir/Final_Dehazed/1260_dehazed.jpg
18104.0664062
487 274
0.899158546649 -0.0556348726254 42.2666223262
5.2523051136 -2.09430769242 -41.8963951345
0.0626048501278 0.139710607531 -0.228875337084
0.990536929697 0.0312036236152 0.0696348158895 -0.114076463063
0.964273807346 0.230339412152 0.13083266891
-0.22164838574 0.972025670086 -0.0777040757352
-0.145070758015 0.0459292903896 0.988354158941
175.411174889
0 0 0

00000163.jpg
/home/evan/UAV_Photogrammetry_toolkit/output_dir/Final_Dehazed/990_dehazed.jpg
5891.87646484
487 274
2.12516164269 3.27090957508 4.65047101902
-2.24873724755 -4.71220022634 -3.09521868104
0.350866345856 -0.0631572112318 -0.0306503756168
0.984038255459 0.174498769385 -0.0314104095987 -0.0152435617992
0.997562226412 0.0190387117862 -0.0671383627437
-0.0409622800533 0.938635888312 -0.342469264568
0.0564978159152 0.344384593854 0.937127038108
17.2340270312
0 0 0

00000164.jpg
/home/evan/UAV_Photogrammetry_toolkit/output_dir/Final_Dehazed/1830_dehazed.jpg
2944.57666016
487 274
7.27149786717 3.18375577327 -5.22757687737
-5.64839994181 -0.459982787404 7.63037351634
0.143892303696 -0.32514883683 0.271384016773
0.975094512974 0.0713478695606 -0.161222499064 0.13456363497
0.911799331429 -0.285430205239 -0.295212751142
0.23941884318 0.953604695747 -0.182531123066
0.333615945678 0.0957525414172 0.937833209751
3.01296730804
0 0 0

00000165.jpg
/home/evan/UAV_Photogrammetry_toolkit/output_dir/Final_Dehazed/450_dehazed.jpg
2955.70483398
487 274
3.7253862669 -0.0731844330597 -1.5735157315
-3.70220736674 -0.217135390993 1.61441798079
0.0441653027629 -0.0101473289033 -0.097054216372
0.998566153522 0.0220720959949 -0.00507123926782 -0.0485039124938
0.995242308729 0.0966447156894 -0.0122693577135
-0.0970927456296 0.994321007982 -0.043588937353
0.00798651384356 0.0445728546383 0.998974135132
1.93724713828
0 0 0

00000166.jpg
/home/evan/UAV_Photogrammetry_toolkit/output_dir/Final_Dehazed/6120_dehazed.jpg
2553.99926758
487 274
3.49444438829 1.26077561117 -4.77643248916
-3.68460543846 -1.30645544194 4.61864031906
0.170111936442 0.104441839124 -0.235246963943
0.988125294496 0.084719029415 0.0520140527819 -0.117157530947
0.967138055917 0.240345723201 0.0829418841566
-0.222719555875 0.958193834616 -0.179613845423
-0.122643720735 0.155238218137 0.980234499955
2.77870843248
0 0 0

00000167.jpg
/home/evan/UAV_Photogrammetry_toolkit/output_dir/Final_Dehazed/2430_dehazed.jpg
1284.53613281
487 274
-1.15146107731 0.978923817757 -9.72411443996
-2.32158318939 0.0906117540579 9.56267418994
0.113197766713 0.358543668455 -0.0598663500245
0.981935544424 0.0562576618078 0.178191045892 -0.0297527148382
0.934724951703 0.0784795914273 0.346596733572
-0.0383814015438 0.991899372116 -0.121086126467
-0.353291753065 0.0998794646343 0.930165329795
0.731956667789
0 0 0

00000168.jpg
/home/evan/UAV_Photogrammetry_toolkit/output_dir/Final_Dehazed/2460_dehazed.jpg
1279.10461426
487 274
-1.22857718744 0.93789543221 -9.82771338287
-2.22236011616 0.0589560199777 9.69694338554
0.110652910107 0.35711356138 -0.197799405651
0.977720819832 0.0549149655086 0.177228767746 -0.0981641380097
0.917907989853 0.211419172203 0.33577950618
-0.172489313769 0.974695716138 -0.142178099726
-0.357341518215 0.0725879206667 0.931148300144
0.749420869729
0 0 0

00000169.jpg
/home/evan/UAV_Photogrammetry_toolkit/output_dir/Final_Dehazed/2520_dehazed.jpg
1233.58337402
487 274
-4.14165482274 2.13423503199 -8.93407767868
-2.00052132477 0.0375304422987 9.87534867387
0.194273839981 0.650842711966 -0.233954470467
0.936181472854 0.0950616137935 0.318468809446 -0.114478045623
0.770944532393 0.274892521308 0.574524419285
-0.153796380137 0.955716707996 -0.250905210815
-0.618053977055 0.105074475637 0.779081760073
0.712094323344
0 0 0

00000170.jpg
/home/evan/UAV_Photogrammetry_toolkit/output_dir/Final_Dehazed/2550_dehazed.jpg
1286.55053711
487 274
-5.06915633798 1.08633918413 -8.60261475408
-1.68604334194 0.0300163601584 9.90139544464
0.113865407373 0.699812100304 -0.00928221323537
0.937807315671 0.0557474703274 0.342621654783 -0.00454448738078
0.765180540206 0.0467242152236 0.64211973331
0.0296768011769 0.993743540432 -0.107674860687
-0.64313264414 0.101446681326 0.75900616467
0.607928005898
0 0 0

00000171.jpg
/home/evan/UAV_Photogrammetry_toolkit/output_dir/Final_Dehazed/2490_dehazed.jpg
1131.28137207
487 274
-3.93897709456 0.679693053461 -9.54540053554
-2.33575359839 0.0820158387306 10.0811606648
0.0765306507063 0.618057743292 0.0175989419787
0.951870921164 0.0376494410864 0.304055020823 0.00865784261723
0.814951380762 0.00641268473538 0.57949446172
0.0393772792448 0.997015951533 -0.0664098662368
-0.578190069301 0.0769397664362 0.812265669935
0.848332605194
0 0 0

00000172.jpg
/home/evan/UAV_Photogrammetry_toolkit/output_dir/Final_Dehazed/2580_dehazed.jpg
1333.64782715
487 274
-4.76858409632 2.21771278037 -8.68326343561
-1.48150559617 0.0437579202702 10.0429025924
0.184949252618 0.666945680291 -0.25913418721
0.932501731892 0.0903844843713 0.325935577266 -0.126638575515
0.755457241877 0.295100497472 0.584978813618
-0.177262266494 0.951587252955 -0.251119362765
-0.630763147524 0.0860153900842 0.771193425092
0.302975684122
0 0 0

00000173.jpg
/home/evan/UAV_Photogrammetry_toolkit/output_dir/Final_Dehazed/4620_dehazed.jpg
5501.12744141
487 274
6.6054376312 -0.590608218173 6.26760357838
-7.68340595681 0.015342385114 -4.92223728095
-0.00245270005229 -0.187547217387 -0.0821586838313
0.994763566421 -0.00122420871113 -0.0936098717244 -0.0410076137714
0.979111622498 0.081814875674 -0.186138772647
-0.0813566448286 0.996635010274 0.0101130170353
0.186339986748 0.00524182414123 0.982471579543
4.61463910943
0 0 0

00000174.jpg
/home/evan/UAV_Photogrammetry_toolkit/output_dir/Final_Dehazed/1230_dehazed.jpg
3500.65405273
487 274
0.960410045621 1.09323773853 -1.01643074225
-1.14709705254 -0.94168874671 0.973693301072
0.142773182449 0.17823679422 0.00837112647506
0.993479227404 0.071231358424 0.0889246058372 0.00417646157442
0.98415000841 0.00437002355519 0.177284500258
0.0209669348281 0.989816789249 -0.140791045284
-0.176094494559 0.142276454452 0.974037103473
1.39258994378
0 0 0

00000175.jpg
/home/evan/UAV_Photogrammetry_toolkit/output_dir/Final_Dehazed/390_dehazed.jpg
2992.19946289
487 274
3.70604738499 0.601447179523 -1.25430928193
-3.77107601152 -0.246418788243 1.17816261934
0.0108356961263 0.0215813951136 0.0913680682178
0.998883871716 0.00541583224198 0.0107866826571 0.0456670364297
0.99559677734 -0.0911152573001 0.0220438396723
0.0913490073346 0.995770673227 -0.00983440352993
-0.0210547336696 0.0118047463838 0.999708506132
1.20974486738
0 0 0

00000176.jpg
/home/evan/UAV_Photogrammetry_toolkit/output_dir/Final_Dehazed/540_dehazed.jpg
503.713226318
487 274
3.84434382052 3.20585797581 -7.9345958782
-3.40100248179 -4.4408920985e-16 8.74342656695
0.416518909757 -0.0355677004342 -0.0873301566816
0.977289090322 0.206680467608 -0.0176490161318 -0.0433340172474
0.995621083818 0.0774042762634 -0.0524089771923
-0.0919951729193 0.910811337772 -0.402443339608
0.0165837864898 0.405502925097 0.913943442656
-0.0496153335839
0 0 0

00000177.jpg
/home/evan/UAV_Photogrammetry_toolkit/output_dir/Final_Dehazed/4830_dehazed.jpg
372910.1875
487 274
4.15698385614 0.102945069826 1117.90163269
-219.529518374 -0.762487471824 -1096.14260846
0.00526077936627 -0.193888140117 0.0461929884648
0.995034813209 0.00262603478168 -0.0967835684133 0.0230582554281
0.980202766938 -0.0463958849097 -0.192485064963
0.0453791826215 0.998922665284 -0.00968924204836
0.192727014709 0.0007627420655 0.981251685766
24456.8036415
0 0 0

00000178.jpg
/home/evan/UAV_Photogrammetry_toolkit/output_dir/Final_Dehazed/4860_dehazed.jpg
19886.0878906
487 274
4.23908537661 -0.81410603756 48.341077953
-13.1123657704 -0.172836338154 -46.7282323797
-0.0140191766924 -0.184295174572 -0.189904347951
0.991234771157 -0.00698909613828 -0.0918781980685 -0.0946745856782
0.965190258249 0.188973734719 -0.180822244404
-0.186405230358 0.981976010583 0.0312527633127
0.183469214143 0.00354142286787 0.98301921737
99.8901474037
0 0 0

00000179.jpg
/home/evan/UAV_Photogrammetry_toolkit/output_dir/Final_Dehazed/4650_dehazed.jpg
2434.81518555
487 274
6.96762852741 -0.836777844744 -2.99105399915
-6.20309714604 0.120440182218 4.43863920205
0.00308964616647 -0.218942308221 -0.109975375816
0.99250442943 0.00154096137422 -0.109197500935 -0.0548502310998
0.970134669009 0.108541684024 -0.216927230887
-0.109214705263 0.99397855511 0.00892017983886
0.216588782556 0.0150378237968 0.976146945632
0.476854429729
0 0 0

