# generated by genOption. mode 1. cluster: 0
level 1
csize 2
threshold 0.7
wsize 7
minImageNum 3
CPU 4
setEdge 0
useBound 0
useVisData 1
sequence -1
maxAngle 10
quad 2.0
timages 98 0 4 11 15 16 35 37 38 40 46 47 48 50 51 52 53 54 55 57 59 60 63 64 65 66 67 72 75 78 80 81 82 84 85 86 87 89 91 95 96 97 99 102 103 104 105 106 108 109 110 111 116 117 120 124 127 128 129 130 132 133 134 136 137 138 139 141 142 143 144 147 148 150 152 153 154 156 157 158 159 160 161 162 163 164 165 166 167 170 171 172 173 174 175 176 177 178 179 
oimages 0 
