VISDATA
180
0 14  173 4 179 137 11 132 67 15 97 96 16 66 65 63 
1 0
2 0
3 0
4 30  82 85 86 174 81 78 163 99 162 15 16 84 0 63 179 72 65 66 80 87 75 96 137 91 97 89 173 67 132 133 
5 0
6 0
7 0
8 0
9 0
10 0
11 30  82 81 85 86 78 174 99 163 162 84 15 63 16 72 179 80 87 65 75 66 0 91 137 89 173 96 133 134 178 132 
12 0
13 0
14 0
15 30  4 173 179 11 132 67 97 72 84 91 80 75 87 78 81 89 99 82 85 86 96 174 133 137 178 134 177 129 66 65 
16 13  173 4 179 11 132 67 97 96 66 65 63 0 15 
17 0
18 0
19 0
20 0
21 0
22 0
23 0
24 0
25 0
26 0
27 0
28 0
29 0
30 0
31 0
32 0
33 0
34 0
35 30  95 124 38 37 138 127 117 175 120 40 130 166 128 165 109 108 111 60 106 54 64 48 110 46 47 51 50 52 57 53 
36 0
37 30  128 120 117 38 35 95 138 111 130 124 106 127 166 110 57 109 59 108 54 175 48 64 116 46 51 47 50 165 52 53 
38 30  95 111 35 128 37 117 106 110 120 175 166 57 59 40 165 130 116 60 138 124 127 109 108 54 48 64 46 47 51 50 
39 0
40 30  128 120 117 95 38 35 138 130 111 124 127 166 106 110 109 57 108 54 48 64 175 59 46 116 51 47 50 52 53 165 
41 0
42 0
43 0
44 0
45 0
46 24  124 109 52 50 127 138 51 48 54 108 128 95 53 117 120 55 130 35 64 47 37 40 38 111 
47 24  109 52 50 48 51 54 124 127 108 138 53 128 95 64 120 117 130 35 46 55 37 40 38 111 
48 24  55 47 124 138 46 108 109 127 128 95 120 117 130 35 64 50 53 52 54 37 51 40 38 111 
49 0
50 24  55 47 108 109 124 138 127 46 128 54 95 120 64 117 130 48 53 35 37 51 40 52 38 111 
51 24  55 47 124 108 109 138 127 46 128 95 120 117 54 130 64 35 48 53 37 40 50 52 38 111 
52 24  55 47 108 109 124 127 138 46 128 54 120 64 95 117 130 48 53 35 37 51 40 50 38 111 
53 24  109 124 127 138 108 55 47 128 46 95 120 54 117 130 64 48 50 52 51 35 37 40 38 111 
54 24  55 47 124 46 128 95 50 52 120 117 138 130 53 51 108 109 127 35 48 37 64 40 38 111 
55 11  109 52 50 48 54 51 108 53 64 46 47 
56 0
57 24  38 116 166 37 175 95 165 40 59 110 117 35 106 111 128 60 120 136 130 138 124 127 109 108 
58 0
59 18  38 116 106 37 175 165 57 166 95 60 40 117 111 136 120 128 110 35 
60 18  38 35 128 120 165 111 166 175 106 59 110 117 176 57 37 95 40 116 
61 0
62 0
63 22  173 134 89 91 132 133 129 96 11 97 67 4 179 82 178 87 177 15 16 66 65 0 
64 24  124 138 127 55 109 128 95 120 117 47 50 52 108 130 51 35 48 53 46 54 37 40 38 111 
65 22  173 91 134 89 132 133 129 96 82 179 4 11 97 67 87 178 177 15 16 63 66 0 
66 22  173 91 134 89 82 132 179 133 4 87 129 96 11 67 97 178 15 177 16 63 0 65 
67 30  82 85 86 81 78 174 99 163 162 84 15 63 72 16 179 65 80 87 75 66 173 91 0 137 89 96 134 133 4 178 
68 0
69 0
70 0
71 0
72 30  163 137 179 104 86 174 103 85 102 134 173 162 97 129 96 105 11 15 82 67 4 132 177 81 178 152 78 133 99 89 
73 0
74 0
75 30  163 86 104 103 174 179 137 85 102 162 105 82 134 173 97 15 96 129 152 81 11 78 67 4 132 177 99 178 133 84 
76 0
77 0
78 30  129 163 134 177 97 96 11 178 132 4 133 173 67 137 179 89 91 15 75 80 87 72 104 174 103 105 102 86 162 85 
79 0
80 30  163 179 86 174 137 104 85 103 162 102 134 173 82 97 96 129 15 105 11 152 81 67 4 132 177 78 99 178 133 84 
81 30  129 163 177 134 97 96 178 11 133 132 4 173 67 137 179 89 91 15 75 80 87 72 174 104 103 84 105 102 86 162 
82 30  177 129 178 133 134 96 97 163 132 11 4 173 67 89 91 179 137 75 80 87 72 66 65 15 63 84 174 104 103 105 
83 0
84 30  163 134 129 97 96 137 179 173 11 4 177 132 67 178 104 133 15 103 174 86 102 105 85 162 89 91 82 152 81 80 
85 30  177 178 133 129 163 134 132 96 89 97 91 4 11 67 173 75 137 80 179 72 87 15 84 174 78 99 81 104 103 105 
86 30  177 178 133 129 163 134 89 91 96 132 97 4 11 75 67 173 80 87 72 137 179 84 15 78 174 99 81 82 162 104 
87 30  163 179 137 174 86 85 162 104 134 103 173 102 97 82 96 129 15 11 65 66 63 67 4 81 132 177 78 99 178 133 
88 0
89 30  163 174 86 85 162 82 179 104 103 102 81 137 63 78 65 99 66 15 173 134 84 97 96 129 11 67 4 132 177 72 
90 0
91 30  163 86 174 85 162 179 82 104 103 102 137 81 65 63 78 66 99 15 173 134 97 84 96 11 129 67 177 4 132 178 
92 0
93 0
94 0
95 30  38 35 138 127 124 128 37 120 40 130 109 108 111 106 64 166 48 54 46 57 47 110 51 50 52 53 117 59 175 165 
96 30  82 81 85 86 78 174 99 163 162 84 72 179 173 63 80 87 75 65 15 66 4 91 89 137 16 132 11 133 178 67 
97 30  82 81 78 85 86 174 99 163 162 84 72 80 87 15 63 75 179 65 173 66 91 16 89 137 4 0 133 178 132 177 
98 0
99 30  129 163 134 97 96 177 11 132 4 178 133 173 67 137 179 89 91 15 174 75 80 87 72 162 104 103 86 102 85 84 
100 0
101 0
102 25  177 178 133 75 89 91 80 72 163 129 87 134 84 78 81 99 174 82 85 162 104 86 103 105 152 
103 25  177 178 75 133 91 89 72 80 163 129 87 84 134 78 81 99 174 82 85 162 86 102 104 105 152 
104 26  177 75 178 133 89 72 80 91 163 87 129 84 134 78 81 99 174 82 85 139 86 162 102 103 105 152 
105 16  75 72 80 177 84 178 78 81 82 139 85 86 102 103 104 152 
106 24  38 116 166 37 175 95 165 59 40 110 35 117 128 60 120 111 57 130 138 124 136 127 109 108 
107 0
108 30  55 52 50 128 53 51 47 95 117 124 120 35 48 46 130 37 64 138 40 54 175 166 109 127 38 111 106 110 57 116 
109 30  55 47 53 52 128 50 46 51 95 117 35 120 64 48 130 37 40 124 54 175 138 166 38 108 111 127 106 110 57 116 
110 24  38 116 37 106 175 40 95 166 165 57 35 117 136 60 128 111 130 120 59 138 124 127 109 108 
111 30  38 37 116 40 95 175 166 35 165 128 117 120 60 130 106 110 57 59 124 138 136 127 109 108 4 137 54 64 46 48 
112 0
113 0
114 0
115 0
116 23  106 111 57 110 38 59 166 37 40 175 165 95 60 35 117 130 128 120 138 124 127 109 108 
117 30  37 38 127 40 35 166 124 109 130 175 108 138 165 64 48 54 46 51 47 50 52 111 53 95 106 120 57 110 128 60 
118 0
119 0
120 30  37 127 40 38 95 35 175 165 166 138 109 108 124 64 48 130 54 51 50 52 46 53 47 60 111 117 106 128 110 57 
121 0
122 0
123 0
124 30  35 95 64 48 53 52 51 50 128 46 47 37 117 54 130 40 108 120 175 166 165 38 109 127 138 111 106 57 110 116 
125 0
126 0
127 30  128 35 95 120 117 53 52 130 47 50 51 37 64 40 46 48 138 175 166 54 165 38 124 108 111 109 106 110 57 116 
128 30  37 127 38 40 95 175 109 138 130 108 124 166 165 35 48 64 54 60 46 51 50 52 53 47 111 106 120 117 110 57 
129 30  82 85 81 86 174 163 78 99 162 84 102 103 104 72 179 63 80 87 75 65 66 137 15 91 89 173 133 178 177 132 
130 30  128 138 127 35 95 40 37 124 117 38 109 108 120 166 175 54 48 64 51 50 52 53 46 165 47 111 106 110 57 116 
131 0
132 30  82 85 86 174 81 163 78 162 99 179 15 84 63 16 65 66 173 72 137 80 87 75 0 91 96 89 134 97 11 133 
133 30  86 85 174 82 162 163 81 78 99 104 102 103 179 63 84 137 65 66 15 72 173 87 80 75 134 97 96 91 129 11 
134 30  82 85 86 81 174 78 99 162 163 84 179 72 63 65 80 87 75 66 102 103 104 89 91 137 15 173 178 133 177 132 
135 0
136 5  110 59 57 111 106 
137 30  72 84 78 80 81 87 75 99 82 85 86 91 174 89 163 162 133 178 15 177 132 0 134 129 4 11 96 97 67 173 
138 30  95 35 37 128 130 53 40 52 50 64 51 47 48 120 175 117 46 166 127 38 165 54 108 109 124 111 106 110 57 116 
139 3  152 104 105 
140 0
141 18  150 148 147 153 154 170 172 159 156 158 157 164 160 142 171 167 144 143 
142 18  148 147 150 144 143 153 172 154 141 164 159 156 170 158 157 160 167 171 
143 18  150 142 153 154 148 147 159 156 158 170 157 172 160 164 171 167 141 144 
144 18  142 159 156 158 153 154 157 150 167 164 160 170 171 172 148 147 141 143 
145 0
146 0
147 19  142 141 167 160 153 158 143 171 159 156 157 170 144 172 164 154 161 150 148 
148 19  142 141 167 160 153 158 143 171 159 156 157 170 144 172 164 154 161 150 147 
149 0
150 18  141 142 153 167 143 160 144 158 171 159 156 157 170 172 164 154 147 148 
151 0
152 18  139 75 80 177 178 72 84 78 81 82 129 165 85 102 86 104 103 105 
153 19  150 148 147 144 143 141 142 154 167 164 159 156 172 157 158 171 160 170 161 
154 19  144 167 143 141 171 160 142 170 153 161 172 158 156 157 159 148 147 150 164 
155 0
156 19  144 143 141 148 150 147 167 171 161 142 170 153 172 154 160 158 164 159 157 
157 19  144 143 148 141 150 147 167 171 161 142 170 153 172 154 160 158 164 159 156 
158 19  144 148 150 147 143 141 167 171 161 142 154 170 153 172 164 160 159 157 156 
159 19  144 143 141 148 150 167 147 171 161 142 170 153 172 154 160 158 164 156 157 
160 19  148 150 147 144 143 154 141 167 161 171 142 170 164 153 172 159 156 157 158 
161 14  164 159 157 156 158 154 160 148 147 167 171 170 172 153 
162 30  177 133 178 129 163 134 89 91 132 96 97 4 11 75 67 80 173 87 137 72 179 84 99 174 78 81 82 86 85 104 
163 30  86 85 82 178 177 89 133 81 129 91 72 80 78 75 84 87 99 162 134 96 132 97 4 11 174 67 173 137 104 103 
164 19  144 143 167 141 171 142 161 148 147 150 170 153 172 160 154 158 157 156 159 
165 24  128 38 35 120 117 111 106 138 124 57 110 59 130 127 166 60 95 176 37 116 40 152 175 129 
166 23  38 128 117 35 106 120 37 57 111 124 138 40 95 110 130 127 175 59 165 109 60 108 116 
167 19  150 148 147 154 144 172 164 159 156 157 143 158 160 170 141 153 142 171 161 
168 0
169 0
170 19  144 143 141 148 150 147 154 167 142 164 159 156 157 158 171 160 153 172 161 
171 19  148 144 150 154 147 143 172 159 156 164 157 158 141 160 170 153 142 167 161 
172 19  167 144 141 143 142 148 171 150 147 154 153 164 159 156 157 158 160 170 161 
173 30  82 81 78 99 85 86 174 84 16 15 63 163 0 65 162 66 72 87 96 80 75 91 97 132 89 179 133 134 67 11 
174 30  177 178 133 129 89 134 91 96 132 97 4 11 163 75 80 173 67 87 72 137 179 84 15 99 78 81 82 86 162 85 
175 24  38 128 35 120 117 138 111 106 124 57 127 110 130 59 166 109 95 108 60 37 40 116 176 165 
176 3  60 165 175 
177 30  82 85 86 174 162 163 81 78 99 104 103 102 84 179 105 152 72 137 63 80 87 15 75 65 91 66 134 89 173 129 
178 30  86 85 82 174 162 163 81 78 99 104 103 102 179 84 137 63 15 152 105 65 72 66 80 87 75 134 173 91 97 89 
179 30  91 89 87 82 80 132 72 75 84 78 133 81 99 15 134 85 86 16 174 178 163 162 96 129 177 0 97 11 63 4 
