# Camera parameter file. 

# The format of each camera is as follows:
# Filename (of the undistorted image in visualize folder)
# Original filename
# Focal Length (of the undistorted image)
# 2-vec Principal Point (image center)
# 3-vec Translation T (as in P = K[R T])
# 3-vec Camera Position C (as in P = K[R -RC])
# 3-vec Axis Angle format of R
# 4-vec Quaternion format of R
# 3x3 Matrix format of R
# [Normalized radial distortion] = [radial distortion] * [focal length]^2
# 3-vec Lat/Lng/Alt from EXIF

# The nubmer of cameras in this reconstruction
133

00000000.jpg
/home/evan/UAV_Photogrammetry_toolkit/output_dir/Unstable/7020.jpg
1187.2598877
640 360
0.313853338337 -0.970562183918 -3.79485977401
2.78084050801 0.991105143258 2.5934581222
-0.0102509301687 -0.913310001635 -0.0420233253584
0.897307545367 -0.00494878474121 -0.440913607418 -0.0202873678667
0.610369954424 0.0407720399001 -0.791068956678
-0.0320439931496 0.999129688183 0.0267707601571
0.791471470486 0.0090084326023 0.611143681286
0.818950252259
0 0 0

00000001.jpg
/home/evan/UAV_Photogrammetry_toolkit/output_dir/Unstable/7140.jpg
1190.37194824
640 360
-0.627827743248 -0.857127617506 -3.27616070387
2.91474641709 0.9007940254 1.59839568062
0.0309091435173 -0.871089659483 0.0194600085785
0.906479212588 0.01496972459 -0.421880738569 0.00942475060088
0.643858020908 -0.0297175040324 -0.764570238172
0.00445585798173 0.999374445755 -0.0350918168354
0.765134240642 0.0191871598005 0.643585784751
0.830465467964
0 0 0

00000002.jpg
/home/evan/UAV_Photogrammetry_toolkit/output_dir/Unstable/7080.jpg
1186.29516602
640 360
0.0839238277086 -0.872230743536 -3.46464126821
2.54834516421 0.944872454797 2.32049104021
0.0106532360592 -0.862330565069 -0.0302416344364
0.908356043362 0.00516288411921 -0.417911773957 -0.0146560212599
0.650274532136 0.0223104473324 -0.759377340266
-0.0309410945998 0.999520036343 0.00287024679737
0.7590734016 0.0216291947608 0.650648237571
0.840318389317
0 0 0

00000003.jpg
/home/evan/UAV_Photogrammetry_toolkit/output_dir/Unstable/7200.jpg
1199.08605957
640 360
-1.50225937534 -0.895067629543 -2.81137565455
3.18012758356 0.559629560219 0.731649631411
0.0165946244948 -0.829915779684 0.147244955694
0.912468799473 0.00805377805403 -0.402778471741 0.0714615864379
0.665327436994 -0.136900927111 -0.733893561149
0.12392494483 0.989659066512 -0.0722640615018
0.736197593104 -0.042868776733 0.675410736544
0.827551884763
0 0 0

00000004.jpg
/home/evan/UAV_Photogrammetry_toolkit/output_dir/Unstable/7260.jpg
1208.71252441
640 360
-0.969892919108 0.801741464824 -2.74947147725
2.73661784409 -0.705889166107 1.0750381409
0.0645728291121 -0.871504789048 0.0182438862505
0.906008269039 0.0312683779817 -0.422012501722 0.00883431528367
0.643657923337 -0.0423993487588 -0.764142265352
-0.0103834979656 0.997889818552 -0.0641151085714
0.765244999438 0.0492025274721 0.641856192378
0.847831702158
0 0 0

00000005.jpg
/home/evan/UAV_Photogrammetry_toolkit/output_dir/Unstable/6960.jpg
1181.73510742
640 360
-0.280650212117 0.371893195273 -4.45383917856
3.94048468022 -0.275366093457 2.10961782355
0.00840847233359 -1.0148969546 -0.0286620260124
0.873881284786 0.00402595939947 -0.485930591404 -0.0137233195822
0.527369961855 0.0200723454215 -0.849403043543
-0.0278978631706 0.999592204773 0.00630052869857
0.849179554588 0.0203733709886 0.527711832969
0.74290384285
0 0 0

00000006.jpg
/home/evan/UAV_Photogrammetry_toolkit/output_dir/Unstable/7320.jpg
1195.86853027
640 360
-0.475787466212 2.18873271646 -3.37905055393
2.92616606083 -2.00109583005 1.96674988747
0.0688121105888 -0.862571926226 0.00479166080153
0.907852410891 0.0333426048399 -0.417955424358 0.0023217781182
0.65061578009 -0.0320870101045 -0.75872968889
-0.0236556826559 0.997766899022 -0.0624812949073
0.759037669706 0.0585993618499 0.648401320733
0.864579424531
0 0 0

00000007.jpg
/home/evan/UAV_Photogrammetry_toolkit/output_dir/Unstable/6780.jpg
1165.24829102
640 360
-2.85181181217 -1.22223054746 -4.8590164885
5.70027668866 0.847114287169 0.160749435075
0.0784695209599 -0.986983085256 0.126375593965
0.878031245651 0.0376262603464 -0.4732599622 0.0605972986936
0.544707933068 -0.142026208131 -0.826514200194
0.0707990784889 0.989828113639 -0.12343014531
0.835633936315 0.00871798365443 0.549219426653
0.730754023415
0 0 0

00000008.jpg
/home/evan/UAV_Photogrammetry_toolkit/output_dir/Unstable/6900.jpg
1154.7142334
640 360
-3.90358072126 -1.14313386205 -5.86857578065
7.13617233366 -8.881784197e-16 -0.244329691562
0.10629375284 -0.996524988877 0.242562842239
0.870018853176 0.0508235819794 -0.47648114883 0.115979652316
0.519030177193 -0.250241301519 -0.817305212343
0.153376634879 0.967934442763 -0.198959705993
0.840885118318 -0.022089807961 0.540766599568
0.709024251001
0 0 0

00000009.jpg
/home/evan/UAV_Photogrammetry_toolkit/output_dir/Unstable/6840.jpg
1188.55078125
640 360
-4.5675973219 -0.708674702895 -5.15454805567
6.79745468992 0.798466974736 -1.04472098455
-0.00908570191695 -0.999699130044 -0.0177487770917
0.877607751379 -0.00435595633035 -0.479285562499 -0.00850929280261
0.540429040487 0.0191114820521 -0.841177244271
-0.0107598032372 0.999819726885 0.0158023577397
0.841321654821 0.000511073578961 0.540532693752
0.758411081016
0 0 0

00000010.jpg
/home/evan/UAV_Photogrammetry_toolkit/output_dir/Unstable/6720.jpg
1228.85168457
640 360
-4.44995379251 -1.35243883243 -3.76087501951
5.60549423046 0.863008527425 -1.89968743905
0.107116914931 -1.00383843258 0.108661044834
0.873873610491 0.0512872209218 -0.480634487044 0.0520265451593
0.532570478104 -0.140229463279 -0.83469113929
0.0416290361603 0.989327886922 -0.139648819129
0.845364038787 0.0396253765475 0.532721983423
0.850288608369
0 0 0

00000011.jpg
/home/evan/UAV_Photogrammetry_toolkit/output_dir/Unstable/6660.jpg
1167.95019531
640 360
-8.43970654314 -2.14355713294 -3.4154359185
7.80340540376 0.416835420365 -5.14017887351
0.116234226009 -0.95035448373 0.183157812347
0.883554498016 0.0558432718971 -0.456585858191 0.0879958671913
0.56757378793 -0.206491800024 -0.797009476996
0.104504777031 0.978278725155 -0.179037109436
0.816664477944 0.0183251868386 0.576821690775
0.685232214501
0 0 0

00000012.jpg
/home/evan/UAV_Photogrammetry_toolkit/output_dir/Unstable/300.jpg
1267.66967773
640 360
-8.90332193848 -1.97333211495 4.8737883783
1.72515538824 1.11571832106 -10.1338905078
0.0845917865354 -0.897232416524 0.0308469938266
0.900069290399 0.0408773905791 -0.433570697967 0.0149062298656
0.62359033711 -0.0622792279773 -0.779268117997
-0.00861266902664 0.996215874583 -0.0865110989355
0.781706563832 0.060658836792 0.620692698386
0.718664227888
0 0 0

00000013.jpg
/home/evan/UAV_Photogrammetry_toolkit/output_dir/Unstable/360.jpg
1261.42272949
640 360
-9.96473678148 1.16319792568 5.12596229246
1.98034489271 0.360865195325 -11.0847723459
-0.0376232823003 -0.920637572148 -0.185056455004
0.891612683523 -0.0181269512558 -0.443564499807 -0.0891604648598
0.590604066265 0.175074670277 -0.787743618694
-0.142911735075 0.983444441275 0.111420806208
0.79420731726 0.046771927595 0.605844202134
0.674592967447
0 0 0

00000014.jpg
/home/evan/UAV_Photogrammetry_toolkit/output_dir/Unstable/6600.jpg
1105.8380127
640 360
-9.25260350765 0.541684577065 -4.25711941904
8.52309494681 0.829487357714 -5.54038629652
-0.013802467986 -1.0061007252 -0.139777644017
0.87375434067 -0.00660829634344 -0.481697313133 -0.0669222413549
0.526978701727 0.123313901242 -0.840884809549
-0.110580494243 0.990958063156 0.0760206397607
0.842655663406 0.0529245293027 0.535849826477
0.604869431064
0 0 0

00000015.jpg
/home/evan/UAV_Photogrammetry_toolkit/output_dir/Unstable/6480.jpg
1228.91589355
640 360
-11.6291484359 -0.0936419257095 -1.63776016094
8.43547376804 -0.0334728128621 -8.17124906024
0.0382666765577 -0.909204831727 -0.000676611375614
0.898259564714 0.0184799490203 -0.439078081788 -0.000326752800418
0.61442270203 -0.0156416493475 -0.788824111583
-0.0168156846606 0.999318249292 -0.0329129834767
0.788800234905 0.033486180375 0.613740031077
0.737520756555
0 0 0

00000016.jpg
/home/evan/UAV_Photogrammetry_toolkit/output_dir/Unstable/240.jpg
1307.89233398
640 360
-9.29919830094 -3.21276989085 4.98023026035
1.93141911816 2.41978400285 -10.583656039
0.0740312584402 -0.893002102453 0.0290330067748
0.901199439206 0.0357883498775 -0.431696993368 0.01403519846
0.626882048065 -0.0561959361847 -0.777085756145
-0.00560188425961 0.997046174917 -0.0766231527223
0.779094597176 0.0523866106364 0.624713493917
0.785282843104
0 0 0

00000017.jpg
/home/evan/UAV_Photogrammetry_toolkit/output_dir/Unstable/6540.jpg
1197.86621094
640 360
-10.1655973104 -1.70461978403 -2.27580405388
8.09298194474 1.38438661946 -6.63408836433
-0.0742080970768 -0.918285047793 0.0502658132466
0.895464300104 -0.0358019073147 -0.443029230833 0.0242508844431
0.606275279038 -0.0117086303009 -0.795170550196
0.0751545747579 0.996263179708 0.0426310643558
0.791696890259 -0.0856062551479 0.604886792298
0.691037932868
0 0 0

00000018.jpg
/home/evan/UAV_Photogrammetry_toolkit/output_dir/Unstable/720.jpg
1192.3260498
640 360
-13.3894079839 -0.121092659444 7.36544927081
9.51490383302 1.26539453383 -11.8914584886
0.0187122529142 -0.388644219647 -0.114279301523
0.979513854873 0.00929214844954 -0.192993318313 -0.0567489248532
0.919067213205 0.107585850527 -0.379132071252
-0.114759582044 0.993388245524 0.0037008924839
0.377026445489 0.0401080450754 0.925334108821
0.747724885388
0 0 0

00000019.jpg
/home/evan/UAV_Photogrammetry_toolkit/output_dir/Unstable/780.jpg
1171.48803711
640 360
-14.3937549354 -1.20645075487 8.47391648175
12.2504093174 1.34310065093 -11.3387305229
0.038184285485 -0.210539518832 -0.0386116704349
0.9940968796 0.0190545601981 -0.105062537762 -0.0192678320232
0.977181891157 0.0343047584924 -0.209618002905
-0.0423116082714 0.998535324116 -0.0338355189324
0.208151360902 0.041932796408 0.977197208853
0.637965428701
0 0 0

00000020.jpg
/home/evan/UAV_Photogrammetry_toolkit/output_dir/Unstable/660.jpg
1014.3760376
640 360
-16.0014717216 -0.728156711963 1.34402872352
11.2584071902 -0.99351800995 -11.4299108806
0.0701016527395 -0.708641901607 0.0880003880233
0.936334316671 0.0343037754593 -0.346769180523 0.0430624019994
0.755797372179 -0.104432729144 -0.646430355605
0.0568504898573 0.993940645902 -0.0941047302948
0.652337179147 0.034374478321 0.757149792223
0.46030642458
0 0 0

00000021.jpg
/home/evan/UAV_Photogrammetry_toolkit/output_dir/Unstable/6420.jpg
1071.41186523
640 360
-14.5421350249 1.39971275235 -2.87391863278
11.1492857407 -1.96026937973 -9.67175543712
0.0639722914547 -0.915442590701 0.0236026639205
0.896501084679 0.0308748273124 -0.441818344468 0.0113913095199
0.609334102324 -0.0477066144449 -0.791477538988
-0.00685732908271 0.997836074761 -0.0654244285304
0.7928849612 0.0452928361691 0.60768660224
0.653229295241
0 0 0

00000022.jpg
/home/evan/UAV_Photogrammetry_toolkit/output_dir/Unstable/6360.jpg
1194.49230957
640 360
-15.3379738738 1.40020256896 1.17488717432
9.2016116025 -2.88134233077 -12.0673954635
0.183322609792 -0.861563823335 0.0138784102758
0.904547193765 0.0887258685727 -0.416986200681 0.00671697837774
0.652155445437 -0.0861464381305 -0.753176226726
-0.0618431423618 0.98416766365 -0.166115212122
0.755558563931 0.154911729605 0.636499393903
0.792283824817
0 0 0

00000023.jpg
/home/evan/UAV_Photogrammetry_toolkit/output_dir/Unstable/6300.jpg
724.976196289
640 360
-12.9998408991 2.49244372143 -5.14050250134
12.3228099339 -1.29114722746 -6.93639875401
0.00981476097243 -0.890735607039 -0.0891514226227
0.901480428303 0.00474513872714 -0.43064360268 -0.04310200414
0.625377690101 0.0736240321425 -0.776842586924
-0.0817984204689 0.996242971647 0.0285682800827
0.776024530633 0.0456788788511 0.629047188702
0.234527499749
0 0 0

00000024.jpg
/home/evan/UAV_Photogrammetry_toolkit/output_dir/Unstable/480.jpg
1127.94592285
640 360
-13.7131405514 -0.280265057021 -0.911617748774
5.8534185989 -0.45327764411 -12.4294622166
0.0611217677919 -1.19684743302 0.0297980749957
0.825681085401 0.0287635617895 -0.563229702542 0.0140228072962
0.36515244563 -0.055557767933 -0.929289388337
-0.00924430093827 0.997952938808 -0.0632952225442
0.930903060162 0.0317028931293 0.363891634717
0.724405466036
0 0 0

00000025.jpg
/home/evan/UAV_Photogrammetry_toolkit/output_dir/Unstable/420.jpg
1135.4597168
640 360
-13.2452439154 0.507211346527 -0.876057090366
5.45979294618 -4.4408920985e-16 -12.1099801171
0.0655329269753 -1.21398050307 -0.0867047252024
0.819981902448 0.0307756104636 -0.570110214775 -0.0407183223967
0.346633350019 0.0316860075402 -0.937466245715
-0.101867142313 0.994792147848 -0.00404312460049
0.932453988351 0.0968986498672 0.348055783504
0.760164526364
0 0 0

00000026.jpg
/home/evan/UAV_Photogrammetry_toolkit/output_dir/Unstable/6240.jpg
841.027832031
640 360
-12.4909474863 3.80507755123 -3.53360374771
10.8081443315 -3.64027870965 -7.2746387229
0.0429291933796 -0.880582208592 -0.020109733775
0.904356059228 0.0207758113709 -0.4261624415 -0.00973221257463
0.636583741495 -0.000105795883545 -0.771209900084
-0.0353113375298 0.998947049524 -0.0292823005906
0.770400444659 0.0458726230041 0.635908736434
0.327181369745
0 0 0

00000027.jpg
/home/evan/UAV_Photogrammetry_toolkit/output_dir/Unstable/6060.jpg
1087.69042969
640 360
-15.1581128991 3.70801903638 0.360859425537
10.9052671268 -4.71022936627 -10.126066449
0.0929485184529 -0.743856601122 0.0358622607215
0.930416058319 0.0453912199669 -0.363260858456 0.0175132620941
0.735469038101 -0.0655670470947 -0.674377437559
-0.000388565951311 0.995265945645 -0.0971896904392
0.677557506704 0.0717411894165 0.731961182563
0.582753153668
0 0 0

00000028.jpg
/home/evan/UAV_Photogrammetry_toolkit/output_dir/Unstable/6180.jpg
1154.24609375
640 360
-11.9895662822 6.06683164245 0.888817440142
8.09238374946 -4.43997077092 -9.80537976049
-0.0436479362502 -0.81416518789 -0.129469124721
0.916011604425 -0.0212094901565 -0.395620733115 -0.0629118891345
0.67905403481 0.132037696913 -0.722118279333
-0.0984743851015 0.991186467975 0.0886350354208
0.727454450606 0.0109224789918 0.686068534983
0.653934090089
0 0 0

00000029.jpg
/home/evan/UAV_Photogrammetry_toolkit/output_dir/Unstable/6000.jpg
1179.16479492
640 360
-14.1802584513 6.28951679947 0.894874097733
10.3933378688 -6.50038871641 -9.54782084759
0.0994927651325 -0.724337234166 -0.0258893186742
0.93383902328 0.0486443760353 -0.354145678313 -0.0126579028255
0.748843710211 -0.0108137135797 -0.66266214243
-0.058095488025 0.994947800214 -0.0818864013716
0.66019807491 0.099817665048 0.744429775177
0.704989756964
0 0 0

00000030.jpg
/home/evan/UAV_Photogrammetry_toolkit/output_dir/Unstable/5940.jpg
1269.71801758
640 360
-13.1012594432 7.15413528576 0.480535201503
10.3083423142 -6.55646824138 -8.59100176934
0.0541964794328 -0.696001853151 -0.0699514148578
0.939097741511 0.0265458584958 -0.340907138248 -0.0342627487953
0.765219469698 0.0462527166988 -0.642110177638
-0.0824515633477 0.996242967489 -0.0264973790862
0.638470316737 0.0732192439533 0.766155835254
0.843123827536
0 0 0

00000031.jpg
/home/evan/UAV_Photogrammetry_toolkit/output_dir/Unstable/7620.jpg
1197.03222656
640 360
2.28578809065 3.20846222389 -0.426456672173
0.364561885543 -3.6627923085 1.46694768707
-0.156584592455 -1.44130123053 -0.230492157322
0.742504246619 -0.07144927454 -0.65766322025 -0.105173166591
0.112834185569 0.250163259572 -0.961606936294
-0.062202831724 0.967667536531 0.244439369505
0.991663999229 0.0322338104503 0.12474850289
0.726229716401
0 0 0

00000032.jpg
/home/evan/UAV_Photogrammetry_toolkit/output_dir/Unstable/7560.jpg
1191.26745605
640 360
1.56982031529 3.77941222716 -0.496530194534
0.534079610545 -3.71739574887 1.70014573132
0.0634681454526 -1.44464889007 -0.0365151674514
0.749657804072 0.0290388951626 -0.660977366932 -0.0167069655479
0.125659212312 -0.0133389026441 -0.991984561898
-0.0634369310655 0.997757458249 -0.0214525857135
0.990042803847 0.0656243518076 0.124530622266
0.723822867687
0 0 0

00000033.jpg
/home/evan/UAV_Photogrammetry_toolkit/output_dir/Unstable/7500.jpg
841.894348145
640 360
1.52436738162 4.05495233502 -6.71427583524
5.75749696415 -4.0232732848 3.8094925593
-0.0248293285962 -1.16533189969 -0.0749475117988
0.83426343301 -0.0117209164364 -0.550105805884 -0.0353796728538
0.392264526432 0.0719272698447 -0.917037133973
-0.0461365994902 0.9972250015 0.0584822520276
0.918695498568 0.0193689240905 0.394492374696
0.372673224259
0 0 0

00000034.jpg
/home/evan/UAV_Photogrammetry_toolkit/output_dir/Unstable/5880.jpg
1110.89453125
640 360
-12.3913443654 7.22481809885 0.359921838855
10.8698210732 -6.74255222703 -6.50063582106
0.0475232787402 -0.543234111353 -0.0544382619366
0.962693564648 0.023465410507 -0.268230891517 -0.026879798648
0.854658326523 0.039166117825 -0.517709492586
-0.0643419188848 0.997455068681 -0.0307600590358
0.515187119827 0.0595999397117 0.855002202451
0.772909659037
0 0 0

00000035.jpg
/home/evan/UAV_Photogrammetry_toolkit/output_dir/Unstable/5820.jpg
1220.69567871
640 360
-14.3208355597 5.73098721833 2.48306615524
11.723693599 -6.31345794202 -8.17263695147
0.0170086553674 -0.437715981215 0.0370477494502
0.975939898572 0.00843601265548 -0.217099910445 0.0183750729536
0.905059146487 -0.0395285427745 -0.423441988871
0.032203324564 0.999183697541 -0.0244443896829
0.424063869445 0.00848777565845 0.905591898467
1.0537682975
0 0 0

00000036.jpg
/home/evan/UAV_Photogrammetry_toolkit/output_dir/Unstable/5760.jpg
1224.39123535
640 360
-17.0899957303 2.84704100815 4.46336320051
13.1552729882 -6.61889596096 -10.1599150491
0.0906474441492 -0.398523076236 0.201262618861
0.974169578837 0.0449328022882 -0.197542895554 0.0997633584286
0.902049140712 -0.212124620696 -0.375914780965
0.176621094759 0.976059537801 -0.126959408714
0.393846336493 0.0481292676099 0.917916794813
1.00217523949
0 0 0

00000037.jpg
/home/evan/UAV_Photogrammetry_toolkit/output_dir/Unstable/7920.jpg
1237.90759277
640 360
-4.71994970332 2.93710555339 0.249965513093
3.42745487459 -3.07428150013 -3.12543460175
0.0841680975142 -0.735432461397 -0.00274805132474
0.932284264896 0.0411297724245 -0.359378085809 -0.00134286896028
0.741691380045 -0.0270586392934 -0.670194824096
-0.0320663816993 0.996613216577 -0.075723900048
0.669975314098 0.0776546585526 0.738311205672
0.845999231482
0 0 0

00000038.jpg
/home/evan/UAV_Photogrammetry_toolkit/output_dir/Unstable/1140.jpg
1132.50732422
640 360
-20.6186055146 6.05582761036 7.14071655974
16.7652084903 -1.25554008998 -15.1704666328
-0.0190096743771 -0.417509921049 -0.240470552226
0.971077852202 -0.00941302584325 -0.20673850581 -0.119073871427
0.8861599926 0.235152063765 -0.399275214984
-0.227367933511 0.971466399367 0.0675155099292
0.403761521774 0.0309523862549 0.914342388181
0.752807542554
0 0 0

00000039.jpg
/home/evan/UAV_Photogrammetry_toolkit/output_dir/Unstable/840.jpg
1081.74914551
640 360
-19.9224179998 -0.810529092594 4.63371462372
16.8514183888 0.974656542216 -11.5806340494
0.0140485516766 -0.372738096285 -0.0150171598097
0.982631482126 0.00698356146724 -0.185288808876 -0.00746505839238
0.931224715379 0.0120833113598 -0.364244618257
-0.0172582942093 0.999794469015 -0.0109579154607
0.364037849293 0.0164911539596 0.931239334268
0.616775361259
0 0 0

00000040.jpg
/home/evan/UAV_Photogrammetry_toolkit/output_dir/Unstable/7980.jpg
1228.66906738
640 360
-1.55173134932 -0.693139945131 1.70777280315
-0.251437063578 0.856213596047 -2.23796471252
-0.00678533062952 -0.778691726363 -0.216431339928
0.919449087093 -0.0033010724175 -0.378834565327 -0.10529413606
0.690795315983 0.196126227195 -0.695943481204
-0.191124161913 0.977805532432 0.0858486029752
0.697332899794 0.0737079308924 0.712945646612
0.807012403037
0 0 0

00000041.jpg
/home/evan/UAV_Photogrammetry_toolkit/output_dir/Unstable/7680.jpg
1192.63305664
640 360
0.20361706711 4.28550355621 -0.580888796751
0.643223322941 -4.19101081471 0.875279921369
0.106389847281 -0.782816458519 -0.0547768743763
0.922628775345 0.0518157948361 -0.381260600008 -0.0266783660001
0.707857653305 0.00971778320082 -0.706288662012
-0.0887391294026 0.9932071055 -0.0752705009148
0.700759339877 0.115956472418 0.70391066957
0.964695939334
0 0 0

00000042.jpg
/home/evan/UAV_Photogrammetry_toolkit/output_dir/Unstable/7740.jpg
1176.59631348
640 360
-2.47930345128 4.32030451611 -1.677888276
3.59364877705 -3.83458331576 0.0941194641814
0.0783050071705 -0.609450552917 -0.13181345898
0.951038187751 0.0385114006405 -0.29973555028 -0.0648275392853
0.811914409573 0.100220147153 -0.575112385554
-0.14639371476 0.988628984577 -0.034389404822
0.565127432618 0.11211384587 0.817351144094
0.92764137484
0 0 0

00000043.jpg
/home/evan/UAV_Photogrammetry_toolkit/output_dir/Unstable/5700.jpg
1200.0246582
640 360
-12.5606372701 9.54658481401 9.27140345913
13.0036743094 -7.15688816215 -10.7027742752
0.0838201873902 -0.165836312245 -0.250924739621
0.987838462229 0.0417400584849 -0.0825817453714 -0.124953351134
0.95513463194 0.239972833862 -0.173584556762
-0.253762071077 0.965289012358 -0.0618269617699
0.152725140661 0.103102778979 0.982875665535
0.91227275449
0 0 0

00000044.jpg
/home/evan/UAV_Photogrammetry_toolkit/output_dir/Unstable/1260.jpg
1178.9876709
640 360
-14.9325826609 1.67249334505 19.9775390282
18.1681979674 0.54110307542 -17.1611380372
0.0509749970856 0.167480166329 -0.190196687743
0.991659225116 0.0254165972323 0.0835071343866 -0.0948337986005
0.968067165591 0.192330535777 0.160800751541
-0.183840709162 0.980723517133 -0.0662478525468
-0.170441729169 0.0345705599189 0.984761392303
0.585838004128
0 0 0

00000045.jpg
/home/evan/UAV_Photogrammetry_toolkit/output_dir/Unstable/1080.jpg
1090.30871582
640 360
-22.773468809 0.611695815302 5.21845375846
18.1799782745 -1.84886838423 -14.5707781706
0.0692498087725 -0.452848372599 0.0258924389277
0.973798365346 0.034321963124 -0.22444314895 0.0128329500084
0.898921419873 -0.0404001115411 -0.436243168474
0.00958671142173 0.997316378215 -0.0726059162865
0.43800631777 0.0610847700558 0.896895227313
0.677832575258
0 0 0

00000046.jpg
/home/evan/UAV_Photogrammetry_toolkit/output_dir/Unstable/7380.jpg
1139.38256836
640 360
0.0669439487444 3.73482034959 -4.96282019774
3.43877016699 -3.27760360039 4.00189364987
0.0742425522604 -0.700428487008 -0.0624151912558
0.938147499085 0.0363527249187 -0.342963480352 -0.0305614800325
0.762885293341 0.0324071703241 -0.645722626406
-0.0822775339193 0.995488504698 -0.0472451618988
0.641278699072 0.0891717099709 0.762109122116
0.819364966604
0 0 0

00000047.jpg
/home/evan/UAV_Photogrammetry_toolkit/output_dir/Unstable/6120.jpg
1886.08361816
640 360
-15.5129940496 5.1335182067 11.905015191
4.82376552245 -5.83930004656 -18.7448087609
0.128969143882 -0.711719527874 -0.128111125721
0.93330678387 0.0630445335235 -0.347912875001 -0.0626251048669
0.750072493217 0.0730282149888 -0.657315528464
-0.160765525863 0.98420878875 -0.0741041126557
0.64152225727 0.161255450638 0.749964929301
1.55949097648
0 0 0

00000048.jpg
/home/evan/UAV_Photogrammetry_toolkit/output_dir/Unstable/8100.jpg
1236.14477539
640 360
-2.39752412567 -3.71146263072 1.39190526685
0.735676930449 3.82089490096 -2.51395811575
-0.0127428800316 -0.715850106513 -0.0509452395848
0.936288713823 -0.00623554552202 -0.350290979359 -0.0249293220822
0.75335081673 0.0510505981103 -0.65563635644
-0.0423135735248 0.998680694616 0.0291421812811
0.65625760567 0.00578909769397 0.754514711182
0.847967140406
0 0 0

00000049.jpg
/home/evan/UAV_Photogrammetry_toolkit/output_dir/Unstable/0.jpg
1265.10754395
640 360
-9.65394712457 -5.45087819792 3.04532460373
3.60603633509 4.51959725365 -9.93750286404
0.0139354333991 -0.948687792205 0.11595768125
0.887951691845 0.00670547872897 -0.45649142218 0.0557967407841
0.577005740262 -0.105211054943 -0.809937382129
0.0929681865718 0.993686292209 -0.0628497632074
0.811431940421 -0.0390331984793 0.583140795729
0.742971380899
0 0 0

00000050.jpg
/home/evan/UAV_Photogrammetry_toolkit/output_dir/Unstable/60.jpg
1281.38476562
640 360
-9.79743212287 -5.69100707229 3.43893185448
3.49992915719 4.76146160075 -10.2607079688
0.00351135781148 -0.944460211315 0.125451507847
0.888660624829 0.00169002324951 -0.454570511196 0.0603800513449
0.579441360001 -0.108850933656 -0.807714046452
0.105778562966 0.992703213166 -0.0578976974042
0.808121611582 -0.0518902689367 0.586726251321
0.699314568861
0 0 0

00000051.jpg
/home/evan/UAV_Photogrammetry_toolkit/output_dir/Unstable/180.jpg
1322.78076172
640 360
-9.29172958034 -4.76892494192 5.52947265099
2.29571784834 4.04736917985 -10.8628711181
0.023680158107 -0.846327473109 0.0834363529707
0.910882522447 0.0114862245155 -0.410516995951 0.0404713802435
0.65967767696 -0.0831597381851 -0.746936407175
0.0642989535073 0.996461846317 -0.0541536132253
0.748794619943 -0.0123032085852 0.662688355524
0.775129142405
0 0 0

00000052.jpg
/home/evan/UAV_Photogrammetry_toolkit/output_dir/Unstable/120.jpg
1364.57214355
640 360
-8.18264836704 -3.00423874161 7.66847920824
2.27911945925 4.27151943234 -10.5520893509
-0.0687992478844 -0.582593747185 -0.115187460795
0.955654887867 -0.0338896195356 -0.286978143556 -0.0567398531474
0.828849936177 0.127898893883 -0.544657796856
-0.0889959781061 0.99126575048 0.097339936625
0.552350465546 -0.0322071856036 0.832989372162
0.796951813898
0 0 0

00000053.jpg
/home/evan/UAV_Photogrammetry_toolkit/output_dir/Unstable/7440.jpg
1163.47924805
640 360
2.28737110363 4.32519779945 -4.7217633852
3.1061268686 -4.34110910359 4.21202366588
-0.00546215846973 -1.06685902052 -0.0244899259841
0.860993584402 -0.00260332012594 -0.508475829665 -0.0116721471101
0.482633343078 0.0227468797174 -0.875528036914
-0.0174516953944 0.999714422459 0.0163528902749
0.875649671747 0.00738712256861 0.482892043987
0.747325984201
0 0 0

00000054.jpg
/home/evan/UAV_Photogrammetry_toolkit/output_dir/Unstable/960.jpg
1132.31787109
640 360
-22.8443665421 3.19297884712 4.5857571147
19.6295037796 -0.525215439393 -12.942044408
-0.143131911799 -0.375501251074 -0.0648131007627
0.979360397794 -0.0710729107817 -0.186457139995 -0.0321832893175
0.928395371062 0.0895422043683 -0.360642793205
-0.036533951745 0.987826638353 0.151213644434
0.369792161982 -0.127210332268 0.920365145651
0.815465928854
0 0 0

00000055.jpg
/home/evan/UAV_Photogrammetry_toolkit/output_dir/Unstable/1020.jpg
1083.16052246
640 360
-23.3115312015 0.946330485205 4.99429340246
19.7269739824 -1.09055574083 -13.3762414967
-0.181453035091 -0.375039253436 0.0840522989305
0.977504292384 -0.0900451726883 -0.186111377655 0.0417105383123
0.927245493756 -0.0480274581695 -0.371360434238
0.115061462782 0.980305012228 0.160513527628
0.356338247839 -0.191564643617 0.914508060535
0.640601747604
0 0 0

00000056.jpg
/home/evan/UAV_Photogrammetry_toolkit/output_dir/Unstable/1320.jpg
1117.40576172
640 360
-19.5403393347 -0.857487697541 18.3188037438
21.3601671987 -0.125886991244 -16.1822694814
0.0352329859112 0.104994882636 0.0183154643731
0.998425666272 0.0176072472386 0.0524698889279 0.0091529259064
0.99432686776 -0.0164294633792 0.105097561775
0.0201246012066 0.999213338717 -0.0341985907736
-0.104451573473 0.0361195194481 0.993875037805
0.393190900586
0 0 0

00000057.jpg
/home/evan/UAV_Photogrammetry_toolkit/output_dir/Unstable/1200.jpg
1102.0802002
640 360
-23.057975638 -3.1804141839 8.02611378839
18.6387247932 0.545716184928 -16.0780311012
0.00240610151554 -0.380827892173 0.12329164677
0.98003748075 0.00119503474511 -0.189145204437 0.0612350728847
0.920949840026 -0.120477605963 -0.370592118115
0.119573060291 0.992498094597 -0.0255070129014
0.370885440494 -0.0208222975374 0.928445920076
0.734911493435
0 0 0

00000058.jpg
/home/evan/UAV_Photogrammetry_toolkit/output_dir/Unstable/900.jpg
1096.06628418
640 360
-23.4557025171 -1.46940418856 3.71942946798
19.7795821471 0.632937126653 -13.2109326798
0.0594373576807 -0.42927154714 0.0148105139408
0.976589440884 0.029486404569 -0.21295823036 0.00734737920688
0.909192118712 -0.0269096047436 -0.415511496312
0.00179188706286 0.998155613975 -0.0607218040073
0.416379540162 0.0544626413997 0.907560011495
0.715793772123
0 0 0

00000059.jpg
/home/evan/UAV_Photogrammetry_toolkit/output_dir/Unstable/8160.jpg
1245.49084473
640 360
-2.26067323791 -5.35237419299 2.37167494504
0.42873027107 5.1863524574 -3.50732286012
0.0173917866534 -0.7372949063 0.0797281810125
0.932002266823 0.00849788471571 -0.360253218376 0.0389563708627
0.737400531005 -0.078738019503 -0.67085082359
0.0664916843021 0.996821457577 -0.0439080703999
0.672176441038 -0.0122278791269 0.74029091287
0.820438619139
0 0 0

00000060.jpg
/home/evan/UAV_Photogrammetry_toolkit/output_dir/Unstable/540.jpg
1164.09912109
640 360
-15.8345486679 -0.232850003803 -1.19054841652
6.47420356585 -0.459924085271 -14.4940330821
0.185759348837 -1.22344135609 -0.0568201537714
0.814236743897 0.0870538978597 -0.573351163842 -0.0266280857127
0.34111929602 -0.0564617331472 -0.938324393024
-0.143187996375 0.983425991737 -0.111230568543
0.929049946003 0.172299360804 0.327380612694
0.855633488465
0 0 0

00000061.jpg
/home/evan/UAV_Photogrammetry_toolkit/output_dir/Unstable/600.jpg
1051.87524414
640 360
-17.2903833181 -1.8758008273 -2.56709607825
10.9202968336 -1.56700852861 -13.6878630902
0.132969479418 -1.04046659442 0.168262613098
0.86221555343 0.0634022091817 -0.496112949789 0.0802306020885
0.494869653424 -0.201261075427 -0.845338816647
0.0754432164997 0.979089306007 -0.188939631029
0.865686389616 0.0297258524843 0.499703682874
0.647685165816
0 0 0

00000062.jpg
/home/evan/UAV_Photogrammetry_toolkit/output_dir/Unstable/7860.jpg
1159.11291504
640 360
-4.48657858926 5.23135239942 -4.35597248101
6.95410482964 -4.25043439664 -0.211941471872
-0.0800492153115 -0.696681543066 -0.192846496985
0.934605680939 -0.0391482829657 -0.340713973008 -0.0943120954219
0.750040426877 0.202966194546 -0.629481940261
-0.149612286104 0.979147667847 0.13744337521
0.644250918731 -0.00890945542449 0.764763020646
0.734417286397
0 0 0

00000063.jpg
/home/evan/UAV_Photogrammetry_toolkit/output_dir/Unstable/5640.jpg
1196.16088867
640 360
-15.2909617682 7.84213773517 13.6781469714
16.2337311414 -6.81072024753 -13.1333195971
0.0510423660139 0.0107979031248 -0.108766488184
0.998181803291 0.025505713621 0.00539567904696 -0.0543502802833
0.994033836825 0.108778177184 0.00799939037846
-0.108227665946 0.992792405427 -0.051505061465
-0.0135440841858 0.0503322954006 0.998641407437
0.623438250231
0 0 0

00000064.jpg
/home/evan/UAV_Photogrammetry_toolkit/output_dir/Unstable/8040.jpg
1155.2277832
640 360
-1.41871987205 -2.53117141235 0.517450387722
0.562817090148 2.84670709399 -0.516554516284
-0.222037045731 -0.601736052886 -0.190643074616
0.944553968443 -0.108958991051 -0.295286549978 -0.0935532041177
0.808107985385 0.241080405321 -0.537441021986
-0.112383795519 0.958752627218 0.261085651005
0.578215308453 -0.150584938573 0.801868184602
0.841630551779
0 0 0

00000065.jpg
/home/evan/UAV_Photogrammetry_toolkit/output_dir/Unstable/5580.jpg
1240.14318848
640 360
-22.519155513 -0.0107926873746 16.6413496603
22.2321252663 -7.05096235772 -15.4940294503
0.0394761706205 0.0447028058511 0.285019248122
0.989419936462 0.019668426022 0.0222725207647 0.142006681713
0.95867623297 -0.280132540765 0.0496616190687
0.281884427224 0.958894908163 -0.032595439088
-0.0384858852509 0.045245892212 0.998236101539
0.769882123948
0 0 0

00000066.jpg
/home/evan/UAV_Photogrammetry_toolkit/output_dir/Unstable/5520.jpg
1271.40222168
640 360
-23.1820112582 6.34239973383 17.8104466327
23.3475268072 -6.82730445363 -17.4104766942
0.0583190736117 0.000680107530114 -0.0233090397951
0.999507082025 0.0291547455618 0.00033999789035 -0.0116526049272
0.999728250317 0.0233138666927 -5.55111512313e-17
-0.0232735779023 0.998030189654 -0.058288852548
-0.00135932119711 0.0582726461066 0.998299188104
0.820977582609
0 0 0

00000067.jpg
/home/evan/UAV_Photogrammetry_toolkit/output_dir/Unstable/5460.jpg
1238.42492676
640 360
-21.505653519 8.1081304569 20.5132768735
25.459301027 -7.22402148375 -15.7691101501
0.0341383674409 0.190186098335 -0.0638919217087
0.994827849222 0.0170397454302 0.0949290473719 -0.0318908653979
0.979943288644 0.0666871933102 0.187789159352
-0.0602164908245 0.99738874415 -0.0399576779654
-0.189963080751 0.0278487752249 0.981397765557
0.719811499539
0 0 0

00000068.jpg
/home/evan/UAV_Photogrammetry_toolkit/output_dir/Unstable/5280.jpg
1276.88269043
640 360
-30.8343145396 -1.22408836982 23.0949882989
33.2025794069 -8.31229025922 -17.7236318467
0.0371050660284 0.162230512567 0.271664541523
0.987339830564 0.0184741739972 0.0807726555319 0.135258565639
0.950362483054 -0.264107085949 0.164498227702
0.270077591173 0.962728886266 -0.0146300514865
-0.154502012406 0.0583310998102 0.986268394755
0.781249170633
0 0 0

00000069.jpg
/home/evan/UAV_Photogrammetry_toolkit/output_dir/Unstable/5400.jpg
1264.54663086
640 360
-26.5776255414 -1.38654146715 21.5559058427
29.3063565821 -6.69075480036 -16.4110064932
0.0552945345682 0.177394896558 0.249175598655
0.987947764503 0.0275361073252 0.0883408269681 0.12408687551
0.953597170064 -0.240316813927 0.181386439504
0.250048591132 0.96769021749 -0.0324846779357
-0.167718050565 0.0763322647644 0.98287575399
0.757115607874
0 0 0

00000070.jpg
/home/evan/UAV_Photogrammetry_toolkit/output_dir/Unstable/5220.jpg
1292.57202148
640 360
-34.7772836886 -1.43731031835 24.8037801327
38.025303838 -8.28407124617 -17.6694965718
0.0368694241955 0.190935399449 0.243387544334
0.987892884143 0.01836025481 0.0950821083496 0.121202254417
0.952536832261 -0.235977195465 0.192312817791
0.242962183258 0.96994910201 -0.0132277082176
-0.1834109352 0.0593241520938 0.981243467888
0.836108470889
0 0 0

00000071.jpg
/home/evan/UAV_Photogrammetry_toolkit/output_dir/Unstable/5160.jpg
1284.40161133
640 360
-32.4903070979 6.23414982215 26.7334690095
37.7874741941 -7.63748322148 -17.9706157907
0.0826274923746 0.231805042202 -0.0128256719116
0.992418889433 0.0412092919674 0.115609482862 -0.0063966222778
0.973185551038 0.0222252294688 0.228938842652
-0.00316728563943 0.996523242324 -0.0832727972545
-0.229993295708 0.0803147218198 0.96987221505
0.835211106084
0 0 0

00000072.jpg
/home/evan/UAV_Photogrammetry_toolkit/output_dir/Unstable/5340.jpg
1273.39672852
640 360
-28.7898634409 1.71987777106 21.4837973981
30.7317660591 -6.41538354291 -17.543347557
0.107089789302 0.117405405362 0.087126053702
0.995897877795 0.0534716587084 0.0586224121548 0.0435034435918
0.989342746806 -0.0803802509407 0.121416767143
0.0929196976585 0.990499649144 -0.101404305012
-0.112110976282 0.111604940708 0.987407936036
0.810226800344
0 0 0

00000073.jpg
/home/evan/UAV_Photogrammetry_toolkit/output_dir/Unstable/5100.jpg
1270.69848633
640 360
-15.6108932988 2.62040818583 39.3944377682
38.8550750986 -8.14411864537 -15.0480410631
-0.0455356134736 0.844806196737 0.235143750337
0.905155565158 -0.0220433496802 0.40896250179 0.113830813256
0.639584218274 -0.224098476648 0.735330537033
0.188039899772 0.973114915484 0.13301062094
-0.745368200712 0.0531999783891 0.664527254787
0.864522006979
0 0 0

00000074.jpg
/home/evan/UAV_Photogrammetry_toolkit/output_dir/Unstable/5040.jpg
1268.39526367
640 360
-17.5808538533 5.89260760538 38.9808253024
40.6241132269 -7.33226339079 -12.618872627
-0.0537946072374 0.860543439593 0.0940167862414
0.907431081208 -0.0260621141357 0.416911331696 0.0455487332194
0.648219519914 -0.104394876517 0.754262312661
0.0609344684146 0.994494831071 0.0852784824204
-0.759010889296 -0.00931980721455 0.651010317587
0.867783099953
0 0 0

00000075.jpg
/home/evan/UAV_Photogrammetry_toolkit/output_dir/Unstable/4980.jpg
1265.01318359
640 360
-18.4060857646 8.25640309844 39.1034244849
41.7980586087 -7.49186085989 -11.5248954313
0.131887119193 0.826174097413 -0.134769343027
0.911570296868 0.0639880625255 0.40083732305 -0.065386439562
0.670109018594 0.170506528356 0.722415151817
-0.0679108161341 0.983263078976 -0.169078093807
-0.739150438458 0.0642403748021 0.670469526955
0.782346501504
0 0 0

00000076.jpg
/home/evan/UAV_Photogrammetry_toolkit/output_dir/Unstable/4920.jpg
1226.37268066
640 360
-25.3697146105 7.10285050817 35.4053741428
42.8124761924 -7.45692269376 -7.68745351533
0.0219759849821 0.767969422408 -0.00401923081144
0.927118605075 0.0107197323975 0.374610134853 -0.00196055279331
0.719328173657 0.0116667260766 0.694574323422
0.00439606619293 0.999762433939 -0.0213457153635
-0.694657779266 0.018408138025 0.719105023912
0.726728517829
0 0 0

00000077.jpg
/home/evan/UAV_Photogrammetry_toolkit/output_dir/Unstable/4860.jpg
1231.19494629
640 360
-34.3316453785 13.4361187097 26.1490038726
43.9845824025 -7.25300073132 -7.46401999931
0.0791489720699 0.446622838602 -0.188683100819
0.969984413578 0.039177737539 0.22107264178 -0.0933957423404
0.884808231587 0.198507180451 0.421556007274
-0.163862477008 0.979485930232 -0.117298196058
-0.436192059908 0.0347089830307 0.899184888514
0.77746965765
0 0 0

00000078.jpg
/home/evan/UAV_Photogrammetry_toolkit/output_dir/Unstable/4800.jpg
1250.09069824
640 360
-41.0961383002 -1.91178634224 25.5615809525
47.3008638 -7.584965175 -7.14432052472
0.0186566959461 0.40822381557 0.204212470262
0.974026210653 0.00924744306936 0.202341642108 0.101220666203
0.897623494291 -0.19344007148 0.396043898482
0.200926256284 0.979339051461 0.0229478142402
-0.392300353197 0.0589768219645 0.917945690403
0.817473600255
0 0 0

00000079.jpg
/home/evan/UAV_Photogrammetry_toolkit/output_dir/Unstable/4740.jpg
1255.78857422
640 360
-40.3756538844 6.6119226295 27.4131549879
47.9303743452 -8.0501211146 -7.95419390877
0.054476467786 0.424906486686 0.0102546394405
0.977135653561 0.0270303209182 0.21083156016 0.00508818222331
0.911047627499 0.00145452862276 0.412297066681
0.0213419056716 0.998489295553 -0.0506791269963
-0.411747070632 0.0549700341891 0.909639418785
0.821274010458
0 0 0

00000080.jpg
/home/evan/UAV_Photogrammetry_toolkit/output_dir/Unstable/4680.jpg
1269.74230957
640 360
-16.7729295517 6.45906797947 46.4056135702
48.2496264691 -8.31289567616 -8.91069754546
0.127914658794 1.02042257907 -0.0569316244017
0.870297123414 0.0611675005381 0.487955792113 -0.027224128955
0.522316050936 0.107080692143 0.846002699969
0.0123083676756 0.991037082837 -0.133036246884
-0.852663388948 0.0798993521753 0.516315198318
0.817494143932
0 0 0

00000081.jpg
/home/evan/UAV_Photogrammetry_toolkit/output_dir/Unstable/4620.jpg
1271.48486328
640 360
-14.366933888 6.41280478994 46.8483159514
48.1756700037 -7.62091222357 -7.95797621705
0.119837472429 1.08921299939 -0.0703432043218
0.853035873193 0.0569536215819 0.517656320113 -0.0334311143134
0.461826911267 0.116001221847 0.879350687623
0.00192946268601 0.991279587172 -0.131779330155
-0.886966956544 0.0625545991151 0.457574305376
0.850870514306
0 0 0

00000082.jpg
/home/evan/UAV_Photogrammetry_toolkit/output_dir/Unstable/4140.jpg
1293.76599121
640 360
-22.0166412814 3.3976320298 46.8139084292
50.4593308928 -8.71155571969 -8.11050122554
0.254980757579 0.939421345154 -0.0584008402327
0.883469394418 0.122498622585 0.451319628591 -0.0280571073451
0.591045754294 0.16014770041 0.790579547861
0.0609973178684 0.968416995316 -0.24177331146
-0.804328767982 0.19112182419 0.562609933885
0.927935636084
0 0 0

00000083.jpg
/home/evan/UAV_Photogrammetry_toolkit/output_dir/Unstable/4500.jpg
1266.75244141
640 360
-20.4564990121 0.97687186193 46.7497848701
50.1729798106 -7.56698598483 -5.51072871291
-0.0147888911832 1.05573781584 0.179366937583
0.860022409766 -0.00704609489223 0.503001120205 0.0854585003758
0.47937619182 -0.154080898974 0.863980288789
0.139904002739 0.985295930807 0.0980908507023
-0.866388653266 0.0738516526677 0.493882058572
0.817769922569
0 0 0

00000084.jpg
/home/evan/UAV_Photogrammetry_toolkit/output_dir/Unstable/4080.jpg
1271.95422363
640 360
-19.3142399102 2.79272582143 48.7227610319
51.6343790834 -8.52104353313 -4.00349241304
0.0112127552403 1.12174671153 0.135586065867
0.844597664691 0.00531283721964 0.531506980424 0.0642435049873
0.426746866201 -0.102871930288 0.898501952073
0.114167726848 0.991689390887 0.0593174690942
-0.89713626566 0.0772663087286 0.434944603717
0.818511019338
0 0 0

00000085.jpg
/home/evan/UAV_Photogrammetry_toolkit/output_dir/Unstable/4440.jpg
1269.80273438
640 360
-22.3307359065 -0.245967701122 47.5920196129
51.7197972387 -8.61855766638 -3.80833542026
0.00214635564489 1.06389797213 0.213958030312
0.856369063036 0.00102128771664 0.506228282006 0.101806384582
0.466738301662 -0.173333568854 0.867244980625
0.175401783848 0.979270192533 0.101325205618
-0.866827977551 0.104823602438 0.487463394308
0.830778140924
0 0 0

00000086.jpg
/home/evan/UAV_Photogrammetry_toolkit/output_dir/Unstable/4320.jpg
1281.48632812
640 360
-19.105826151 5.33840113308 49.6650933969
52.3204354481 -8.83735162738 -6.68073523421
0.173448625485 1.05256901579 -0.048346153345
0.860813686091 0.0826620720369 0.501632893104 -0.0230407891636
0.49566651621 0.122599755742 0.859816242049
0.0432644491407 0.985273256699 -0.165429436763
-0.867433597061 0.119197134957 0.483061035737
0.820547431123
0 0 0

00000087.jpg
/home/evan/UAV_Photogrammetry_toolkit/output_dir/Unstable/4380.jpg
1273.59899902
640 360
-22.3104714642 7.07512081045 47.8931605038
52.3862206848 -8.75856252941 -4.53245125864
0.130837626259 1.02732113003 -0.0508661568347
0.868596305262 0.0625274682076 0.49095807631 -0.024309001128
0.516738679218 0.103625971576 0.849849286876
0.0191671373182 0.990999076823 -0.1324918131
-0.85592819761 0.0847526983506 0.51010041002
0.836193583223
0 0 0

00000088.jpg
/home/evan/UAV_Photogrammetry_toolkit/output_dir/Unstable/4020.jpg
1266.93579102
640 360
-18.7353626052 7.14578607623 47.9633212654
51.361705663 -7.67266182631 -2.37901668272
0.186495892142 1.11737398578 -0.120567684536
0.842109209147 0.0882865822654 0.528961411342 -0.0570763713724
0.433883988267 0.189530329875 0.880808016317
-0.00272782195478 0.977897349263 -0.209075950355
-0.900965086782 0.0883118255248 0.424810342993
0.833178746288
0 0 0

00000089.jpg
/home/evan/UAV_Photogrammetry_toolkit/output_dir/Unstable/3780.jpg
1259.73022461
640 360
-14.6828968439 6.52086468799 49.4255287159
51.2822816072 -7.73825766107 3.35311227085
0.112596537506 1.33043435554 -0.0473923264982
0.785052201905 0.0522035673393 0.616834416124 -0.0219726872825
0.238063601174 0.0989016807421 0.966200542978
0.0299028546104 0.99358541555 -0.109072203861
-0.970788323378 0.0548578980869 0.233578822142
0.880431122665
0 0 0

00000090.jpg
/home/evan/UAV_Photogrammetry_toolkit/output_dir/Unstable/3900.jpg
1261.36364746
640 360
-13.6665862442 9.29866155769 48.1225398191
50.3721778905 -7.18743992462 0.0671950132069
0.121316684783 1.26326107007 -0.147749761319
0.802798574367 0.0566159972982 0.589537914406 -0.0689517695159
0.295381604741 0.177463469723 0.938753176793
-0.043954059347 0.98408179016 -0.172201968783
-0.954367612089 0.00960299888598 0.298478809123
0.877763499623
0 0 0

00000091.jpg
/home/evan/UAV_Photogrammetry_toolkit/output_dir/Unstable/3840.jpg
1257.89355469
640 360
-14.8201364863 5.23101304887 49.0235592718
50.7864758359 -7.81806869232 3.15042566661
0.0312429700871 1.33886706386 0.0448497152638
0.783826949013 0.0144787198758 0.620462174836 0.0207844024433
0.229188065675 -0.0146150497864 0.973271928415
0.0505504492305 0.998717373009 0.00309444189986
-0.972067965505 0.0484896852035 0.229633305313
0.88824970424
0 0 0

00000092.jpg
/home/evan/UAV_Photogrammetry_toolkit/output_dir/Unstable/3960.jpg
1265.48303223
640 360
-17.2156544408 4.47242624369 48.1022669204
50.8496043837 -6.61544709469 -0.870546308584
0.0160599986078 1.21104184817 0.0435115737698
0.82195342574 0.00754751746053 0.569138249492 0.0204485922311
0.351327571503 -0.0250243163955 0.935918758579
0.0422068453483 0.999050494348 0.0108689699288
-0.935301776982 0.0356838012589 0.352051670494
0.856773167126
0 0 0

00000093.jpg
/home/evan/UAV_Photogrammetry_toolkit/output_dir/Unstable/4560.jpg
1265.06396484
640 360
-17.0728204647 3.63516509761 46.6529458975
48.9326965308 -6.21741098236 -6.93740720995
0.0711241600887 1.07422724858 0.0127887647646
0.858567397926 0.0338691697188 0.511544669957 0.00608998185378
0.476570160661 0.0241939491898 0.878803661469
0.0451085886843 0.9976325183 -0.0519273823937
-0.877978643363 0.0643884772678 0.474349228165
0.79735037551
0 0 0

00000094.jpg
/home/evan/UAV_Photogrammetry_toolkit/output_dir/Unstable/3720.jpg
1252.81762695
640 360
-15.8977123887 4.40029601385 49.4911976663
51.7039442364 -6.08772945788 3.33399427869
0.0816779514214 1.31664175915 -0.0133045734836
0.790225575904 0.0379412488042 0.611609763721 -0.00618027416199
0.251790655599 0.0561779699366 0.966150024739
0.036642727101 0.997045945607 -0.0675236787462
-0.96708868632 0.0524049020012 0.248989242046
0.820219290483
0 0 0

00000095.jpg
/home/evan/UAV_Photogrammetry_toolkit/output_dir/Unstable/3600.jpg
1248.33764648
640 360
-21.2024889574 4.89762829835 47.6830024793
51.8505790628 -5.78459646363 5.02571270487
0.073910418699 1.24125050372 -0.0220890859712
0.812818147732 0.0346192933844 0.581395912892 -0.0103464242429
0.323742812411 0.0570749752477 0.944421745758
0.0234359296926 0.997389166124 -0.0683089147196
-0.945854850305 0.0442478449784 0.321561386593
0.777119049568
0 0 0

00000096.jpg
/home/evan/UAV_Photogrammetry_toolkit/output_dir/Unstable/3660.jpg
1241.74755859
640 360
-15.3876265791 4.42287813112 49.6868292881
51.761146545 -5.2967929845 4.22370812167
0.0649669162336 1.34567840561 -0.0220190007685
0.781511101048 0.0300813176857 0.623082977748 -0.0101953516595
0.223328649332 0.0534216916825 0.973278256121
0.0215505696784 0.99798307139 -0.0597225442463
-0.974506799814 0.0343129905758 0.221726683524
0.759597972018
0 0 0

00000097.jpg
/home/evan/UAV_Photogrammetry_toolkit/output_dir/Unstable/3540.jpg
1248.31506348
640 360
-27.862207474 3.06458879345 44.6768580379
52.1438653673 -5.66074867126 5.53924655156
0.0714559504639 1.11425121367 0.0230544775245
0.848109946361 0.0339000551992 0.528621862897 0.0109374804421
0.44087933211 0.0172881029322 0.89739976307
0.0543928467365 0.997461621229 -0.0459381111196
-0.895918076076 0.069065784867 0.438820971128
0.804942777965
0 0 0

00000098.jpg
/home/evan/UAV_Photogrammetry_toolkit/output_dir/Unstable/3480.jpg
1227.72583008
640 360
-36.6146868402 3.5875839436 37.4495596515
51.9278666584 -5.07846724364 5.80370293574
0.0551065194055 0.903900911985 0.0116465646629
0.899213729114 0.0266212226289 0.436662443429 0.00562629964836
0.618587943906 0.0131305503567 0.785604930664
0.0333675339083 0.998518832016 -0.0429628492914
-0.785006525812 0.0527898262036 0.617234546583
0.863588655234
0 0 0

00000099.jpg
/home/evan/UAV_Photogrammetry_toolkit/output_dir/Unstable/3420.jpg
1256.15576172
640 360
-9.55519389064 3.95062425781 51.4199258508
52.0780476961 -3.47254467559 5.17066466623
0.0403976118784 1.48189070867 -0.0428744265155
0.737435524207 0.0183979256927 0.674884327935 -0.0195259193915
0.0882989557234 0.0536312014564 0.99464841331
-0.00396522495212 0.998560406841 -0.0534897305166
-0.99608629929 0.000779405393393 0.088385246887
0.739363508575
0 0 0

00000100.jpg
/home/evan/UAV_Photogrammetry_toolkit/output_dir/Unstable/3360.jpg
1140.19213867
640 360
-18.1173377836 -0.388630837535 48.9795392674
51.876504394 -2.9603209996 5.23927808045
0.0325292528541 1.31678738354 0.0610798277819
0.790419888864 0.0151116562418 0.611721344261 0.0283749941903
0.249982755274 -0.0263677271711 0.967890855739
0.0633449118467 0.997933456113 0.0108262255307
-0.966176012047 0.0586044401196 0.251138191462
0.531048831225
0 0 0

00000101.jpg
/home/evan/UAV_Photogrammetry_toolkit/output_dir/Unstable/3300.jpg
1236.21875
640 360
-15.9299332722 0.225015264888 51.0259691043
53.2095545398 -0.921889954786 5.03541224015
0.0292876039903 1.36219850451 -0.00254358107876
0.776781158617 0.0135370709508 0.629623980531 -0.00117567273662
0.207144285327 0.0188736579154 0.978127971492
0.0152206961934 0.999630922251 -0.0225109718931
-0.978192208868 0.0195503947366 0.206780665953
0.74551913875
0 0 0

00000102.jpg
/home/evan/UAV_Photogrammetry_toolkit/output_dir/Unstable/3180.jpg
1216.67175293
640 360
1.01944541229 0.409517930518 52.792249352
52.4744564478 -0.449228955621 5.86959914882
-0.0124543206127 1.70158838378 0.0125084744928
0.659352414176 -0.00550255651772 0.751794220082 0.00552648273541
-0.130447597674 -0.0155610191634 0.991333609444
-0.00098542022944 0.999877737897 0.0155658827838
-0.991455726454 0.00105338708735 -0.130447715905
0.826285658004
0 0 0

00000103.jpg
/home/evan/UAV_Photogrammetry_toolkit/output_dir/Unstable/2880.jpg
1222.42163086
640 360
4.60802446283 -0.0270559270576 51.3700899379
51.3633471779 -0.0988295155291 4.6814624623
-0.0585062809296 1.7502905213 0.0623531857398
0.640084229571 -0.0256512476854 0.767390012999 0.0273378684471
-0.17926837871 -0.0743658388887 0.980986178577
-0.00437168503638 0.997189022695 0.0747954328711
-0.983790802425 0.00911959642223 -0.179089360205
0.96481309043
0 0 0

00000104.jpg
/home/evan/UAV_Photogrammetry_toolkit/output_dir/Unstable/2820.jpg
1214.01574707
640 360
3.86222308254 -0.87396713189 51.6409469148
51.560709711 0.268539921221 4.88743698955
-0.0281813734611 1.73908195044 0.0462552761243
0.644855509954 -0.0123793613775 0.763934517221 0.0203187676268
-0.168015907603 -0.0451188072219 0.984751837715
0.00729186981663 0.998867162143 0.0470098009414
-0.985757692982 0.0150782033653 -0.167496739668
0.902769047522
0 0 0

00000105.jpg
/home/evan/UAV_Photogrammetry_toolkit/output_dir/Unstable/2760.jpg
1239.30407715
640 360
-4.82438094633 -4.31377804517 51.2644078261
51.4430591212 0.39696151172 4.83489553552
0.00800424493115 1.56700439131 0.102755160754
0.707250705366 0.00360337654352 0.705439040885 0.0462586464023
0.000432496935135 -0.0603487007083 0.998178359166
0.0705171404808 0.99569461501 0.0601684517551
-0.997510677867 0.0703624141635 0.00468712901583
0.775044918677
0 0 0

00000106.jpg
/home/evan/UAV_Photogrammetry_toolkit/output_dir/Unstable/3240.jpg
1213.1262207
640 360
2.92910841755 -4.36000655701 52.8988825962
52.9284986912 -0.0132456655268 4.94465417199
0.144680866774 1.72066722691 -0.0096232396285
0.649870164799 0.0636820732678 0.757361072383 -0.00423572145204
-0.14722636332 0.101966185925 0.983832721469
0.0909555099328 0.991854091667 -0.0891860681325
-0.98491273822 0.0763542496647 -0.155302803961
0.897292864837
0 0 0

00000107.jpg
/home/evan/UAV_Photogrammetry_toolkit/output_dir/Unstable/2940.jpg
1218.3638916
640 360
-11.2873528612 -0.000114328813468 50.6473711529
51.5687361239 -2.22044604925e-15 5.76429240696
-0.0494684677767 1.46243151704 0.0353263926788
0.743941610407 -0.0225846730038 0.667668498483 0.0161281532037
0.10791860072 -0.0541548684476 0.992685071084
-0.00616125137863 0.998458811356 0.0551398598322
-0.994140440833 -0.0120668521878 0.107419066701
0.718390669543
0 0 0

00000108.jpg
/home/evan/UAV_Photogrammetry_toolkit/output_dir/Unstable/2700.jpg
1310.34851074
640 360
-3.17563715152 1.78139784987 49.7703216864
49.672193997 1.10791796552 4.66783388172
-0.116409129895 1.59975277993 0.0145202180095
0.695253019009 -0.0521622599852 0.716839997809 0.00650642597825
-0.0278037419176 -0.0838314767494 0.996091234366
-0.0657370275321 0.994472725585 0.0818603114994
-0.997449456128 -0.0632035634329 -0.0331619419011
0.952111533152
0 0 0

00000109.jpg
/home/evan/UAV_Photogrammetry_toolkit/output_dir/Unstable/3120.jpg
1253.36462402
640 360
-38.627792078 1.89583175498 36.1409991491
52.5340852874 0.314489458867 6.47637226819
-0.0357000138928 0.874981966284 -0.0337316109602
0.90552550919 -0.0172842610621 0.423624953628 -0.0163312533051
0.64055032262 0.0149329856822 0.767770956656
-0.044220480177 0.9988695794 0.0174660695673
-0.7666418507 -0.0451392876294 0.640485889154
0.954976887175
0 0 0

00000110.jpg
/home/evan/UAV_Photogrammetry_toolkit/output_dir/Unstable/2640.jpg
1210.80566406
640 360
1.62560862916 -2.61774493605 50.036906241
50.0853322598 0.744261507182 2.02275573147
0.203644781108 1.64355403814 -0.143134176697
0.674027975102 0.0904974428264 0.730376868928 -0.063607213019
-0.0749941844102 0.217941032989 0.973075919282
0.0464488690167 0.975530329338 -0.214910662809
-0.996101848819 0.0290805697518 -0.0832813000458
0.959948237522
0 0 0

00000111.jpg
/home/evan/UAV_Photogrammetry_toolkit/output_dir/Unstable/8220.jpg
1241.17724609
640 360
-2.26961344993 -5.32571616441 2.25015584633
0.506872715149 5.15757141477 -3.42346535717
0.0183048594806 -0.736993610242 0.0781152065457
0.932083610114 0.00894427609901 -0.360116085031 0.038169316493
0.737719561017 -0.0775959746301 -0.670633429621
0.0647120026194 0.996926650292 -0.0441643206507
0.671999772764 -0.0108170680258 0.740473213663
0.837748801596
0 0 0

00000112.jpg
/home/evan/UAV_Photogrammetry_toolkit/output_dir/Unstable/2340.jpg
1721.11584473
640 360
-33.6452998208 4.32180278728 45.693557858
50.1362839766 -0.529436189042 -26.9195236521
0.0900956312896 0.434522124052 -0.166913072784
0.972032915829 0.0446270753796 0.21523187425 -0.0826770640745
0.89367839121 0.17994013829 0.411045422149
-0.141519172368 0.982346360372 -0.122347348438
-0.425804443076 0.0511685963862 0.903367206234
1.19550889477
0 0 0

00000113.jpg
/home/evan/UAV_Photogrammetry_toolkit/output_dir/Unstable/2280.jpg
1698.28967285
640 360
-32.0883552175 0.0712768609824 44.5917525471
47.3649831898 -0.26250018079 -27.8311983173
0.0680272299623 0.415250036105 -0.0572667229367
0.977542357036 0.0337586098411 0.206068422353 -0.0284186928906
0.913456355754 0.0694739694459 0.400961994543
-0.0416479346827 0.996106443469 -0.0777133259584
-0.404800450648 0.0542885581789 0.912793439972
1.07080766915
0 0 0

00000114.jpg
/home/evan/UAV_Photogrammetry_toolkit/output_dir/Unstable/2220.jpg
1710.77392578
640 360
-29.9224669164 -5.30085252227 45.1190170896
45.8556685466 0.185150226131 -29.2643286867
0.0359440670103 0.414659168548 0.0976724063403
0.977240231246 0.0178354790531 0.205754260159 0.0484651377054
0.910632617222 -0.0873845287633 0.403871259375
0.102063800751 0.994667207267 -0.0149152864822
-0.400414103735 0.0548029042147 0.914694053777
0.988474532209
0 0 0

00000115.jpg
/home/evan/UAV_Photogrammetry_toolkit/output_dir/Unstable/2160.jpg
2633.40258789
640 360
-29.4025098811 0.139759090479 60.0569721756
44.1479901197 -3.24980635498 -50.1175417457
0.0936676546286 0.264116694837 -0.0563163965491
0.98980428686 0.0466745507725 0.131609231937 -0.0280624354317
0.963781772796 0.0678384236882 0.257914816074
-0.043266851872 0.994068455588 -0.0997837337694
-0.263154711773 0.0850109479982 0.960999876762
2.32644797277
0 0 0

00000116.jpg
/home/evan/UAV_Photogrammetry_toolkit/output_dir/Unstable/2100.jpg
1732.796875
640 360
-28.0397173443 -3.25659919328 40.6843102037
40.3148406845 -0.322435012413 -28.7515720908
0.0744827496269 0.348612545173 0.0279404681866
0.984060310907 0.037043291765 0.173379155421 0.0138959278527
0.939494784953 -0.0145037376293 0.342260997651
0.040193986703 0.996869410588 -0.0680870812026
-0.340201184704 0.0777242516425 0.937134586466
1.27058028235
0 0 0

00000117.jpg
/home/evan/UAV_Photogrammetry_toolkit/output_dir/Unstable/2040.jpg
2161.94116211
640 360
-25.8521039665 -0.131378251217 41.1420488593
35.2784362622 -1.29464285779 -33.3882621603
0.0320019838572 0.251708701054 0.00738764027575
0.991956262949 0.0159580662874 0.12551672279 0.00368391077735
0.968464730473 -0.00330276892491 0.249132259891
0.011314344546 0.999463359777 -0.0307345726392
-0.248896137215 0.0325842425542 0.967980820165
1.90293089154
0 0 0

00000118.jpg
/home/evan/UAV_Photogrammetry_toolkit/output_dir/Unstable/2460.jpg
1219.32080078
640 360
-12.55751151 0.145382983185 50.1922829916
49.567341844 -0.75751651226 -14.815094884
0.131398974539 1.03114130179 -0.119621043804
0.866239606503 0.0627431679136 0.492371208133 -0.0571191918637
0.508615336871 0.160743825254 0.845855713789
-0.0371717998812 0.985601519921 -0.164948910113
-0.860190052557 0.052453558224 0.507267366704
0.691478503236
0 0 0

00000119.jpg
/home/evan/UAV_Photogrammetry_toolkit/output_dir/Unstable/2400.jpg
661.885803223
640 360
-26.6458912542 -12.6324897031 28.748083233
40.3829195949 1.27047619419 -7.9774783317
0.020089949333 0.599999809369 0.314927027548
0.943100238591 0.00985372311549 0.294288048859 0.154465483193
0.779070860341 -0.285553240607 0.558130762391
0.297152495606 0.952086411456 0.0723284640807
-0.552041753981 0.109500658566 0.826594968323
0.199190357126
0 0 0

00000120.jpg
/home/evan/UAV_Photogrammetry_toolkit/output_dir/Unstable/2520.jpg
1254.4597168
640 360
0.395060073346 -4.49146896981 53.3223481328
51.9440365515 -0.960093858999 -12.8256294368
0.230587776527 1.33648705177 -0.118103745903
0.777142963205 0.106594704633 0.617823046284 -0.0545962760916
0.230626953976 0.216571718689 0.948633818188
0.0468552715621 0.971313865638 -0.233140176352
-0.971913513515 0.0982171221305 0.213863921423
0.746708550944
0 0 0

00000121.jpg
/home/evan/UAV_Photogrammetry_toolkit/output_dir/Unstable/2580.jpg
1210.83984375
640 360
-2.97191988649 -2.98238425122 51.3283585727
50.8017797643 -0.905380392115 -8.40752709299
0.236902251663 1.34604525675 -0.142073102118
0.773121070875 0.109349739757 0.621309833459 -0.0655783414219
0.219347432316 0.237280103902 0.946353335575
0.0344801137164 0.967484578171 -0.250570072674
-0.975037559581 0.0875922789305 0.204032750439
0.649649911152
0 0 0

00000122.jpg
/home/evan/UAV_Photogrammetry_toolkit/output_dir/Unstable/1920.jpg
1252.31848145
640 360
-20.940526709 -1.66184370617 28.8822286846
28.9497498715 -1.75776366364 -20.8392537465
0.128096684794 0.31899784067 0.00806849028616
0.985256954973 0.0637332760768 0.158714313958 0.00401439990237
0.949586880912 0.0123202742921 0.313260730139
0.0281411359875 0.991842919938 -0.124313007292
-0.312236796583 0.12686160678 0.941495268438
0.892630697259
0 0 0

00000123.jpg
/home/evan/UAV_Photogrammetry_toolkit/output_dir/Unstable/1860.jpg
800.816040039
640 360
-20.8756874472 -2.51184305674 22.0923680855
27.5401708221 0.689665938902 -13.0858776164
0.0222414902056 0.369162281398 0.0582302025401
0.98253031993 0.0110559107469 0.183505025811 0.0289453591511
0.930976172833 -0.0528216923501 0.361238749167
0.0609370795985 0.998079983917 -0.01110232804
-0.359958257707 0.0323487420531 0.932407161574
0.370797379049
0 0 0

00000124.jpg
/home/evan/UAV_Photogrammetry_toolkit/output_dir/Unstable/1980.jpg
1311.15368652
640 360
-21.4882693114 -3.44555858881 29.2476902594
29.7413684317 -1.86492565726 -21.0004286779
0.0972755877074 0.32161443259 0.109745634566
0.984422949754 0.0483849861636 0.159971378613 0.0545876014236
0.942859009007 -0.0919939614863 0.320241546348
0.122955188967 0.989359164678 -0.0777976644505
-0.309676439292 0.112727498761 0.944136002326
0.931154365176
0 0 0

00000125.jpg
/home/evan/UAV_Photogrammetry_toolkit/output_dir/Unstable/1800.jpg
1210.24291992
640 360
-17.0658611281 2.05189751767 29.0254378292
27.3220618796 -1.68517766999 -19.712845215
0.167997735363 0.397506913783 -0.200673452062
0.971820237657 0.0832083526418 0.196882984096 -0.0993924550765
0.902716548885 0.225948092695 0.366129471473
-0.16041830456 0.966395336802 -0.200864417333
-0.399210002105 0.122589826824 0.908626411596
0.787230129154
0 0 0

00000126.jpg
/home/evan/UAV_Photogrammetry_toolkit/output_dir/Unstable/1620.jpg
1145.80786133
640 360
-12.600175704 -1.54296730696 30.2547912596
18.4760028889 -1.41876337233 -27.0762270887
0.101808439198 0.204085140054 0.00196206340812
0.993504517805 0.0507939559809 0.10182153564 0.000978906691514
0.979262389334 0.00839894134528 0.202419742678
0.0122891342274 0.994837753547 -0.100728679246
-0.202220879993 0.10112741973 0.974104764718
0.570471350552
0 0 0

00000127.jpg
/home/evan/UAV_Photogrammetry_toolkit/output_dir/Unstable/1740.jpg
1154.30407715
640 360
-12.2561564254 2.87431541609 26.151239215
18.9376835049 -2.31445885217 -21.8716734676
0.143439704097 0.247148717146 -0.256278875756
0.98163942916 0.0712803732667 0.122817130177 -0.127354235979
0.937393879973 0.267540636619 0.222968782222
-0.232523121411 0.957399921263 -0.171225882333
-0.25927976801 0.108660617362 0.959670074288
0.642101923134
0 0 0

00000128.jpg
/home/evan/UAV_Photogrammetry_toolkit/output_dir/Unstable/1560.jpg
1145.10827637
640 360
-12.7818660377 -2.08283786236 30.7317880984
20.366464533 -1.00926371874 -26.3883487936
0.052674769244 0.262009162249 0.0945430062833
0.989971653578 0.0262492854823 0.130566367875 0.047113378908
0.961465959401 -0.0864272736662 0.260987312609
0.100136364827 0.99418257725 -0.0396692704368
-0.25604069982 0.0642749237798 0.964526962902
0.565999600336
0 0 0

00000129.jpg
/home/evan/UAV_Photogrammetry_toolkit/output_dir/Unstable/1500.jpg
1143.85827637
640 360
-11.4890107681 -1.45316389742 30.329710929
18.7282242587 -1.42705517844 -26.4804950062
0.129093069454 0.253103454581 -0.0533980846766
0.989571076088 0.0643219946997 0.126111487882 -0.0266061635538
0.966776431214 0.0688807691305 0.246169808532
-0.0364339904634 0.990309653815 -0.134013142895
-0.253015314549 0.120591599149 0.95991757349
0.590350041182
0 0 0

00000130.jpg
/home/evan/UAV_Photogrammetry_toolkit/output_dir/Unstable/1440.jpg
1137.30712891
640 360
-17.4367136519 3.91416046838 23.6256760078
14.2282184316 -1.57066015232 -25.9349732829
0.0156694622442 -0.147944079808 -0.171905669438
0.99354638081 0.00781786973588 -0.0738128422093 -0.0857678527563
0.974391270201 0.169274423661 -0.148013817934
-0.171582935123 0.98516497691 -0.00287327785424
0.145332111004 0.0281963868727 0.988981396173
0.582352586853
0 0 0

00000131.jpg
/home/evan/UAV_Photogrammetry_toolkit/output_dir/Unstable/1380.jpg
1162.5032959
640 360
-12.3123486986 -2.33008342126 23.4497036347
8.58967664295 -0.886708951027 -25.1464152451
0.126154792094 -0.15310354788 0.013479319434
0.995062030366 0.0629735370723 -0.0764257289661 0.00672856264909
0.988228227508 -0.0230164145087 -0.15124934815
0.00376493433546 0.99197816531 -0.126353587188
0.152944015999 0.124296715446 0.980387384289
0.575482605041
0 0 0

00000132.jpg
/home/evan/UAV_Photogrammetry_toolkit/output_dir/Unstable/1680.jpg
1200.16821289
640 360
-11.2400556278 2.3993242871 27.6924078691
17.339002662 -1.81137303636 -24.39351487
0.00736875367218 0.228710397982 -0.0543852479642
0.993092746092 0.00367588994795 0.114091784084 -0.0271299863182
0.972493429035 0.0547238789181 0.226407928406
-0.0530464915386 0.998500610859 -0.0134915388761
-0.226806964243 0.00111045969488 0.973938769471
0.812131274491
0 0 0

