VISDATA
133
0 0
1 30  9 10 8 11 37 42 41 62 53 14 111 52 17 46 59 48 7 6 34 25 26 40 24 2 29 30 64 39 44 38 
2 30  9 10 8 42 37 11 7 41 62 53 111 52 48 14 46 59 6 17 40 34 1 64 26 29 25 30 24 44 39 38 
3 0
4 0
5 0
6 30  9 8 10 7 11 48 37 111 62 52 59 64 14 40 1 2 17 53 34 42 26 30 29 25 24 41 46 44 38 39 
7 30  11 14 17 37 6 41 42 53 52 2 62 111 25 46 59 26 24 1 48 34 30 64 10 29 60 9 40 8 39 44 
8 30  11 14 17 6 2 1 41 37 26 53 25 62 111 52 42 24 48 46 64 59 40 30 34 29 60 10 7 9 39 44 
9 30  14 17 11 2 1 6 37 26 25 41 24 42 52 111 62 53 59 46 48 64 60 30 34 40 29 7 39 8 38 44 
10 30  14 17 11 2 1 6 25 26 24 37 41 52 42 62 53 111 46 60 59 30 34 64 48 29 40 7 39 8 38 44 
11 30  9 8 7 26 10 24 37 25 60 1 30 29 40 111 48 6 2 34 39 42 41 52 64 59 62 46 38 53 44 45 
12 0
13 0
14 30  9 10 8 26 7 24 37 60 30 29 25 39 111 34 40 1 48 38 2 6 62 52 59 42 44 45 64 41 58 56 
15 0
16 0
17 30  10 9 26 8 7 60 37 39 30 29 24 111 34 40 25 38 1 48 44 62 59 45 2 6 42 64 58 52 41 11 
18 0
19 0
20 0
21 0
22 0
23 0
24 30  11 39 14 10 9 29 30 38 17 26 34 8 45 44 37 7 52 60 58 111 56 25 40 62 48 59 1 6 2 41 
25 30  10 11 39 9 26 29 14 30 38 8 34 7 17 45 37 44 60 52 58 111 40 48 24 56 1 62 59 6 2 41 
26 30  11 14 17 10 9 39 25 38 8 37 24 60 45 34 44 52 7 29 30 58 62 56 42 40 111 6 1 48 41 2 
27 0
28 0
29 30  11 24 14 17 25 60 38 39 37 45 26 10 44 9 8 62 58 7 56 34 40 6 42 41 53 111 1 52 2 48 
30 30  11 14 17 24 25 37 60 38 39 10 45 9 26 62 8 44 7 58 56 42 40 6 41 1 111 2 48 64 52 46 
31 0
32 0
33 0
34 30  11 14 17 24 74 25 76 75 77 26 78 37 60 10 9 80 79 93 82 72 83 62 86 84 85 90 92 38 69 8 
35 0
36 0
37 30  11 7 9 14 17 10 1 8 2 26 6 111 30 48 34 64 29 53 25 41 24 40 59 52 46 60 42 62 39 38 
38 30  56 26 24 60 58 25 76 77 75 78 74 29 17 30 39 14 80 79 93 82 83 90 92 86 84 85 89 11 34 44 
39 30  56 58 24 45 25 60 17 26 14 76 77 75 78 74 11 29 44 38 30 79 80 93 82 83 92 90 84 86 85 89 
40 30  11 14 42 17 52 41 37 6 62 53 9 46 8 111 10 2 25 59 26 34 24 30 29 1 48 7 64 60 39 44 
41 30  8 9 7 10 1 2 48 11 64 111 37 59 52 40 62 14 42 34 17 26 30 29 53 6 25 46 24 44 38 39 
42 30  9 2 1 10 7 48 64 8 111 11 40 59 52 14 53 17 26 41 46 34 6 37 30 29 62 38 44 39 45 58 
43 0
44 30  77 75 76 78 74 79 60 82 39 83 80 93 90 86 26 85 84 24 92 25 89 56 17 29 14 30 11 45 34 38 
45 30  39 56 58 26 60 24 25 29 30 17 14 34 11 44 52 38 10 9 37 8 7 111 62 40 59 48 42 64 1 41 
46 25  9 8 10 48 7 111 59 1 52 2 64 11 40 37 42 34 62 29 6 30 41 14 26 53 44 
47 0
48 30  11 6 42 37 41 14 8 9 46 52 2 17 10 1 53 62 7 25 24 34 26 40 29 30 39 44 64 56 111 59 
49 0
50 0
51 0
52 30  10 9 7 8 11 1 40 6 42 26 2 111 48 41 37 46 64 59 14 24 60 25 53 39 62 17 38 44 34 45 
53 30  8 7 9 1 10 62 2 37 48 40 111 64 59 52 11 42 6 34 29 41 14 17 30 26 25 24 46 38 39 45 
54 0
55 0
56 30  39 38 45 78 77 79 83 82 90 85 84 86 80 93 76 92 89 75 44 74 60 26 24 58 29 25 96 30 17 95 
57 0
58 30  39 38 45 60 24 25 26 17 29 56 14 30 11 52 34 44 10 9 8 37 7 111 59 48 40 42 62 64 1 6 
59 30  9 42 11 7 41 10 6 37 46 8 1 52 17 14 2 53 62 40 25 34 24 26 64 29 60 30 39 44 56 48 
60 24  14 11 39 17 38 26 29 45 30 44 34 10 58 25 9 52 24 8 56 37 7 111 59 40 
61 0
62 30  8 9 7 1 10 53 2 6 11 64 14 40 17 41 34 30 48 111 26 29 59 52 25 24 46 42 37 38 39 45 
63 0
64 30  42 37 11 41 9 8 6 62 10 52 46 53 14 17 7 34 2 26 111 29 59 30 40 1 48 39 44 38 45 58 
65 0
66 28  78 77 79 76 83 90 82 84 85 86 93 92 80 89 75 74 95 96 97 114 34 72 39 44 69 38 56 67 
67 28  78 77 79 76 90 83 84 85 92 86 82 89 80 93 75 74 95 96 34 97 114 39 44 38 56 72 69 66 
68 0
69 28  78 79 90 89 85 92 84 77 86 83 82 93 76 80 34 95 75 74 96 39 44 97 38 114 56 72 66 67 
70 0
71 0
72 28  78 79 90 89 92 85 84 86 77 83 82 93 76 80 34 95 75 39 44 96 38 97 74 114 66 56 69 67 
73 0
74 28  44 39 34 38 66 89 56 67 95 90 97 92 96 85 84 100 69 72 86 83 78 82 79 93 76 80 77 75 
75 27  44 39 38 34 66 56 67 89 69 72 90 95 92 85 97 84 96 86 83 82 78 79 93 76 80 77 74 
76 27  66 44 67 39 38 34 56 69 72 89 95 90 92 77 97 85 74 84 96 78 79 86 75 83 82 93 80 
77 28  66 67 44 39 69 38 34 72 56 89 114 95 90 92 76 79 85 84 97 78 86 96 83 82 74 75 93 80 
78 28  66 67 69 72 44 39 38 34 56 114 74 89 77 95 76 75 82 97 92 90 96 85 84 79 86 83 93 80 
79 29  67 66 69 72 44 56 39 38 34 114 89 77 90 74 92 95 76 96 97 75 82 85 84 98 86 78 83 93 80 
80 30  66 67 44 56 39 38 69 72 34 89 92 85 84 95 90 96 97 83 86 100 93 74 75 101 82 105 76 107 77 78 
81 0
82 30  67 66 69 56 44 72 39 38 92 34 89 90 95 85 96 84 100 97 74 86 75 78 101 79 77 83 107 93 105 76 
83 30  67 66 69 72 56 44 39 38 89 34 96 95 90 92 97 80 100 74 101 75 107 85 105 84 77 82 76 93 106 108 
84 30  67 69 66 72 56 44 39 38 89 96 95 34 80 97 82 74 100 93 101 75 90 92 107 77 76 105 83 106 86 98 
85 30  67 69 66 72 56 44 39 38 89 96 95 34 80 97 82 74 93 100 75 101 92 90 77 107 76 105 98 83 86 79 
86 30  67 66 69 72 56 44 39 38 89 34 96 95 90 92 97 74 100 80 75 101 82 85 107 77 93 105 76 84 106 108 
87 0
88 0
89 30  69 72 67 66 56 74 44 83 85 39 84 38 86 101 80 75 82 34 100 93 107 92 97 98 76 77 96 95 90 105 
90 30  69 67 72 66 56 44 39 38 34 83 82 86 95 97 74 96 80 75 101 89 100 93 84 77 76 85 107 79 98 78 
91 0
92 30  69 67 72 66 56 44 39 38 82 34 95 96 80 83 97 74 86 89 93 101 75 100 107 77 85 84 76 79 108 98 
93 30  66 67 44 56 69 72 39 38 34 89 95 96 92 85 84 90 97 100 80 74 101 86 75 105 107 82 83 106 108 76 
94 0
95 30  101 107 100 85 84 92 74 109 83 86 90 80 69 72 105 67 66 93 82 75 106 89 76 108 77 56 44 110 96 98 
96 30  101 107 105 85 100 84 109 83 92 86 106 108 90 74 82 93 69 72 67 66 98 97 80 89 56 39 44 38 110 75 
97 30  101 107 100 109 90 92 74 85 84 89 105 83 86 96 80 69 72 67 66 106 75 108 93 82 110 76 77 79 78 95 
98 15  101 107 109 100 89 96 105 90 95 106 85 92 84 97 79 
99 0
100 22  108 107 105 95 110 106 97 96 109 89 101 98 74 92 90 85 84 86 83 82 80 93 
101 21  96 95 97 98 110 108 89 109 100 92 90 105 107 85 84 83 86 106 93 82 80 
102 0
103 0
104 0
105 21  100 96 110 95 97 101 89 107 98 109 106 108 85 84 92 83 86 93 82 121 80 
106 20  100 110 96 95 108 97 89 105 107 98 101 92 85 84 83 109 121 86 93 82 
107 21  96 100 95 97 110 98 89 108 101 105 92 90 85 84 109 106 83 86 93 82 80 
108 17  100 101 110 96 107 106 95 97 89 105 92 85 84 83 93 86 82 
109 9  98 96 100 95 97 101 105 107 106 
110 22  107 100 101 106 105 108 121 96 95 97 118 119 114 116 117 124 123 125 129 127 130 131 
111 30  11 14 6 17 9 37 8 42 7 1 10 2 41 52 46 53 62 40 25 24 26 34 29 30 64 60 39 44 56 38 
112 0
113 0
114 20  117 118 124 123 119 125 121 79 78 67 66 77 69 72 116 127 129 130 110 131 
115 0
116 13  118 124 125 119 123 121 117 127 129 114 130 131 110 
117 13  114 119 118 127 129 123 125 130 116 121 124 131 110 
118 13  114 116 121 117 123 124 119 125 110 127 129 130 131 
119 13  116 114 117 121 118 124 123 125 110 130 127 129 131 
120 0
121 15  118 119 114 116 123 117 110 124 125 105 106 127 129 130 131 
122 0
123 13  116 114 127 125 129 118 117 124 130 119 121 131 110 
124 13  114 116 127 129 130 118 123 119 117 121 131 125 110 
125 13  127 129 116 130 114 123 117 118 131 119 124 121 110 
126 0
127 13  125 131 124 123 130 117 116 129 114 118 121 119 110 
128 0
129 13  125 131 124 123 117 130 116 127 114 118 121 119 110 
130 13  125 124 127 131 123 117 129 116 114 119 118 121 110 
131 13  127 129 130 125 124 123 117 116 114 118 119 121 110 
132 0
