905
502.191  354.18  380.44  334.091
153.066  235.266  201.366  215
589.93  157.222  455.34  149.447
451.56  134.44  352.979  136.475
618.574  249.984  479.169  244.41
519.699  364.714  392.458  347.082
580.539  373.677  441.025  366.418
573.784  282.508  438.483  275.476
509.684  98.2014  393.192  98.8501
560.924  110.855  432.095  106.429
503.031  275.188  383.041  258.795
536.277  361.127  404.25  345.997
576.042  159.351  443.447  152.21
531.516  94.8878  409.428  93.4103
568.083  39.733  439.664  34.7491
496.947  136.648  383.367  136.087
589.813  157.737  455.34  149.447
577.162  159.912  444.395  152.837
475.602  172.659  367.749  168.682
599.956  124.515  464.842  115.749
612.517  346.538  467.249  345.96
548.042  257.41  418.383  248.339
576.566  159.612  443.887  152.709
284.133  232.223  260.109  217.803
573.759  156.631  441.56  149.877
530.969  188.992  406.799  182.221
598.996  123.064  464.242  113.486
449.361  187.897  349.953  181.718
611.66  383.179  465.662  381.411
580.123  169.534  446.582  162.997
487.022  252.127  373.779  240.103
351.298  395.992  289.301  348.248
512.245  131.465  394.322  129.33
561.769  105.06  432.968  100.513
590.32  101.261  457.051  92.9538
596.233  124.486  461.652  115.902
500.939  270.518  384.029  260.28
574.369  161.482  442.009  154.807
556.075  167.438  426.951  160.823
561.51  255.102  429.198  247.464
600.774  140.892  464.792  134.119
245.029  253.491  239.215  230.314
569.123  108.188  438.844  102.258
424.807  318.942  331.711  293.759
337.732  238.388  286.76  224.471
500.55  259.155  382.82  246.882
616.005  354.227  469.052  354.028
429.278  327.712  333.28  301.049
216.807  23.8318  231.713  66.7287
555.862  166.948  426.8  160.675
467.973  217.692  361.826  208.887
611.649  77.8384  476.465  66.233
438.22  230.305  341.587  217.981
603.364  114.397  468.077  105.04
620.7  102.315  484.152  90.6948
449.311  187.232  350.245  182.143
499.955  359.287  378.845  338.597
602.621  115.329  467.212  106.988
492.492  353.465  373.601  332.067
556.345  167.733  427.032  161.38
330.877  382.266  280.24  334.963
561.694  112.617  432.761  107.966
506.559  129.6  390.198  128.479
307.151  468.415  263.997  397.868
347.174  234.859  289.426  219.531
265.543  395.164  247.146  336.239
535.991  264.911  408.664  253.529
431.906  319.934  334.803  294.35
620.687  83.9294  484.582  71.4125
599.412  122.537  464.509  112.872
548.522  257.042  418.882  247.959
457.695  207.203  354.951  198.575
471.801  238.803  364.027  227.917
507.235  149.64  390.122  146.257
555.861  168.957  426.788  162.503
429.333  149.727  337.599  147.61
465.837  207.123  360.43  198.873
266.095  396.426  245.407  337.077
590.812  99.5429  457.433  92.2008
461.766  298.645  353.136  276.822
568.704  40.0144  440.272  35.3356
481.52  253.864  369.777  241.313
576.976  162.59  444.233  155.776
403.198  242.089  320.947  228.089
492.857  239.171  377.678  227.844
563.763  270.587  430.399  263.47
472.382  218.425  364.508  208.898
518.851  266.115  395.827  254.446
563.882  120.453  434.152  115.428
315.674  233.029  273.43  217.382
475.96  173.471  367.946  169.666
535.761  86.8078  412.973  84.6154
230.57  334.403  231.429  288.354
249.88  392.786  239.318  332.748
616.843  291.251  474.639  289.799
459.931  189.267  357.476  185.165
573.494  374.041  433.434  363.621
589.416  126.889  455.534  118.486
358.264  373.337  293.096  331.307
408.627  269.624  323.639  251.017
545.012  281.285  415.354  271.487
500.647  243.069  383.643  232.637
388.301  401.552  309.65  358.424
439.352  327.711  338.408  301.351
575.67  157.424  443.363  150.179
427.916  440.179  331.813  397.749
530.826  188.844  406.545  181.806
565.981  258.051  432.449  251.327
555.197  171.161  426.255  165.134
571.538  369.858  434.074  361.376
559.287  110.766  430.967  105.969
528.018  167.774  405.34  163.172
555.072  167.489  425.925  161.102
440.823  325.405  339.54  299.927
532.651  272.044  406.539  262.37
246.542  231.267  240.43  214.088
512.402  97.4887  395.404  98.4006
455.167  149.617  354.405  148.347
501.34  354.43  379.442  334.244
588.834  126.31  455.275  118.566
565.251  253.294  432.202  244.302
536.442  84.5385  413.644  83.213
529.591  270.545  404.064  259.382
614.929  360.521  469.318  360.252
517.206  184.072  396.56  178.44
190.433  259.766  214.616  232.473
576.962  160.484  444.385  153.474
498.416  361.807  377.789  340.642
433.31  232.468  339.892  221.475
512.958  98.2435  395.912  100.008
204.548  364.803  219.875  307.846
536.237  86.2187  413.051  84.9881
564.312  461.024  426.35  450.383
405.024  196.813  322.65  190.162
620.668  111.204  483.754  100.007
503.212  361.6  380.008  340.924
481.487  252.325  369.8  240.2
173.395  303.105  207.79  261.799
625.817  254.949  486.198  250.063
530.08  463.131  399.951  443.012
549.784  257.693  419.989  248.531
231.262  285.716  232.8  253.017
571.413  102.055  441.153  96.1061
588.603  99.9518  455.349  91.6871
565.123  191.812  433.857  184.824
529.766  190.529  406.09  183.466
515.036  357.068  389.259  338.92
556.229  166.949  426.8  160.675
589.313  101.048  456.394  92.7087
411.022  137.856  327.818  141.689
512.99  160.389  394.341  155.7
556.627  168.287  427.554  161.859
477.648  158.743  370.113  157.749
501.412  268.575  382.893  255.271
496.144  136.202  382.47  135.022
616.005  354.227  470.33  354.304
530.36  272.048  404.053  260.223
476.929  252.513  366.997  239.673
573.974  282.912  438.483  275.476
602.529  133.84  466.696  124.961
592.104  195.717  456.687  187.804
545.236  174.988  418.396  169.218
466.863  343.381  355.301  318.904
556.619  167.393  427.554  161.859
507.551  149.058  390.188  145.607
428.593  188.953  336.708  181.932
198.776  310.536  217.76  268.955
418.164  207.421  331.812  200.869
509.054  136.193  391.501  133.16
569.881  104.586  439.326  99.0095
256.811  393.227  241.282  333.926
559.81  110.853  430.967  105.969
536.214  145.981  411.573  141.282
294.139  241.045  262.591  222.657
454.561  336.763  347.775  310.974
590.825  157.64  455.89  149.55
438.809  243.899  340.814  228.851
408.502  276  323.379  256.124
391.252  224.918  314.509  213.058
549.313  24.0493  424.611  23.6072
315.743  423.606  269.606  364.427
538.846  277.106  411.034  266.262
542.794  360.676  409.243  346.761
425.11  222.863  334.033  212.315
564.799  252.174  432.202  244.302
516.213  138.487  397.125  134.033
340.118  384.753  283.06  337.559
536.004  263.611  408.664  253.529
198.372  258.08  222.209  234.175
488.89  353.327  370.25  331.316
600.622  119.607  465.307  110.544
338.282  428.693  281.676  372.406
620.459  145.74  482.752  135.759
511.601  269.026  390.288  256.736
353.098  235.01  293.587  220.553
329.238  465.926  276.13  400.035
562.472  115.355  433.547  110.506
432.516  330.841  333.966  303.853
615.486  363.361  469.688  363.244
203.468  365.541  219.875  307.846
503.273  128.068  387.74  127.849
424.868  184.192  334.64  179.366
574.998  160.467  442.808  153.844
233.081  388.692  231.548  327.352
600.677  118.71  465.366  109.602
103.596  46.6143  186.266  91.3593
546.121  373.135  412.906  361.434
529.427  273.944  403.487  263.328
409.561  223.507  324.789  211.644
437.385  168.599  342.336  164.984
469.133  194.724  363.332  188.491
394.356  200.276  315.991  191.472
108.965  198.977  185.335  189.795
265.553  391.449  246.14  333.172
128.859  363.497  189.657  300.204
516.928  265.57  394.928  254.007
448.35  209.135  350.371  202.78
591.118  148.501  456.902  140.587
611.131  442.603  466.867  445.88
217.262  346.512  225.246  295.387
32.124  63.1208  321.268  257.165
190.759  263.011  215.35  235.282
600.466  81.9961  466.829  71.3588
429.807  324.192  335.461  298.805
598.794  120.745  464.419  111.146
553.12  167.763  424.849  162.04
540.59  24.0354  417.72  25.1797
529.689  102.647  407.581  101.623
450.3  134.267  351.605  135.704
133.492  306.591  192.072  262.401
620.562  143.93  482.839  133.858
595.224  140.441  460.03  131.993
620.631  143.773  482.876  133.777
469.276  232.383  364.96  226.977
185.982  467.103  209.129  377.64
620.871  112.815  483.852  101.297
291.675  249.643  261.857  229.44
537.63  84.988  414.701  83.1649
532.584  86.8531  410.08  85.6386
475.179  148.548  367.604  147.031
491.426  172.633  378.407  169.097
144.303  309.022  196.883  264.977
618.2  248.954  478.82  244.103
565.156  264.79  432.225  257.25
300.24  331.053  265.192  291.877
556.619  167.393  426.977  160.542
328.181  431.818  275.862  373.399
495.79  124.492  383.081  124.234
350.381  397.574  290.081  349.043
454.897  208.039  353.254  200.75
591.118  148.501  456.171  140.678
601.532  138.034  465.795  128.225
426.11  176.507  337.324  174.923
359.245  375.993  293.35  333.779
496.324  168.349  381.727  164.327
617.338  250.385  478.058  245.473
336.354  226.901  283.556  213.29
302.491  245.531  266.594  226.189
486.729  351.396  368.431  328.294
344.84  236.756  288.485  221.96
448.342  132.748  350.59  135.33
566.474  108.182  437.205  101.31
507.138  130.226  390.198  128.479
584.674  131.153  451.006  123.71
310.472  240.057  272.226  223.576
132.772  268.194  193.496  237.238
326.39  241.158  279.809  224.61
593.196  105.517  459.83  96.8716
462.686  207.372  357.274  197.796
419.215  156.761  331.639  154.182
330.877  382.266  279.319  334.37
235.032  296.137  234.205  260.512
112.378  397.002  181.042  320.788
512.848  131.323  394.322  129.33
233.428  244.46  234.993  223.441
423.61  233.233  335.633  225.408
590.321  147.928  455.481  139.957
424.577  231.668  335.128  222.489
514.676  174.797  395.64  170.424
162.445  361.491  203.071  301.082
607.849  122.013  471.567  112.272
625.448  225.105  484.634  220.574
482.296  173.386  372.619  168.676
590.042  152.097  455.12  144.179
590.274  149.007  455.403  140.988
595.582  139.148  460.23  130.854
327.324  465.861  273.835  399.291
392.039  205.615  315.395  196.887
215.149  256.812  227.304  232.961
562.699  280.451  430.092  271.262
216.022  347.049  224.667  296.469
572.258  282.407  436.903  274.546
618.489  249.163  479.169  244.41
579.861  101.999  447.542  95.0074
512.95  186.171  393.482  182.709
573.975  359.749  435.085  352.298
618.534  249.261  479.232  244.481
453.654  214.874  351.194  204.554
216.112  296.396  226.415  259.689
496.822  352.946  376.624  332.636
473.634  221.206  364.356  210.7
590.242  127.777  455.793  119.883
450.271  224.789  350.649  216.844
497.461  226.455  383.202  221.017
321.474  427.646  272.696  369.174
407.93  300.035  321.321  275.003
505.135  358.835  381.247  339.172
554.734  170.228  426.232  164.639
230.688  290.805  232.279  256.254
212.908  275.39  224.23  245.065
392.218  205.435  315.031  195.979
500.798  137.908  385.422  136.164
537.852  302.88  408.835  290.714
589.638  152.839  454.632  145.306
461.745  173.173  358.838  168.666
603.931  126.793  467.801  117.849
332.371  226.424  280.77  212.277
528.753  273.811  403.568  261.824
496.871  368.983  377.526  346.931
303.123  372.627  265.309  324.485
360.38  234.871  296.001  220.289
437.464  141.099  343.041  142.052
189.814  389.219  213.327  322.747
594.252  208.859  458.351  202.018
473.296  213.883  365.243  206.768
534.548  273.91  407.011  263.027
620.81  133.824  483.017  123.547
409.561  223.507  323.725  211.614
122.377  297.48  187.985  255.912
594.881  108.235  461.4  99.3464
603.79  116.369  467.861  107.29
500.445  113.081  385.749  113.97
251.125  262.301  241.68  237.654
399.365  204.875  319.73  196.271
451.373  133.468  352.425  136.08
621.177  125.569  483.532  114.884
471.058  441.821  358.869  409.009
548.736  226.59  420.253  218.696
414.155  196.401  328.493  188.992
607.849  122.013  471.443  112.201
550.695  254.706  419.97  246.166
590.313  194.326  454.375  186.06
229.51  287.033  231.671  253.282
437.385  168.599  342.366  165.799
527.725  275.298  401.875  264.419
415.636  322.645  324.921  295.931
302.491  245.531  266.234  227.177
565.457  293.002  430.755  285.296
589.864  127.612  455.326  119.855
474.979  254.629  364.931  241.963
574.47  156.61  441.56  149.877
419.215  156.761  332.088  154.667
485.753  109.843  376.581  111.195
591.924  284.522  453.365  278.575
564.481  92.1463  436.143  86.1961
563.996  264.62  431.868  254.193
523.701  441.235  395.955  420.997
480.275  350.873  362.834  326.172
618.422  166.22  481.353  157.259
552.3  383.937  419.388  372.101
437.669  329.562  339.58  303.548
502.16  270.953  384.029  260.28
447.55  162.578  348.065  158.18
513.237  268.991  391.109  256.819
216.343  256.344  226.181  231.891
532.232  147.114  409.349  141.355
591.875  283.738  453.325  277.742
513.579  268.755  391.383  256.708
453.831  163.007  354.797  162.02
326.961  421.347  275.792  363.956
612.517  346.538  467.288  345.273
512.848  131.323  394.108  129.578
608.165  121.723  471.567  112.272
405.427  237.858  321.705  224.728
518.222  183.6  398.042  176.914
497.159  121.372  383.148  121.852
418.051  333.863  324.841  303.748
507.725  146.475  390.062  144.069
237.356  332.86  231.793  287.498
425.861  186.861  336.128  181.303
534.28  148.649  410.769  139.662
538.348  277.408  411.034  266.262
557.528  274.345  426.241  265.211
514.188  351.003  389.789  332.298
442.532  152.67  346.448  153.536
550.85  255.208  419.97  246.166
465.359  164.536  361.592  160.87
450.937  192.247  347.658  179.786
589.416  126.889  454.899  118.913
136.351  312.47  194.836  266.06
195.597  355.746  218.182  300.167
506.474  134.756  390.585  131.589
484.53  327.986  368.916  308.198
446.707  206.037  347.781  199.112
307.151  468.415  263.403  397.38
99.1454  248.25  180.346  222.762
180.559  376.851  212.185  313.422
525.329  273.132  401.207  260.918
595.668  110.744  462.216  101.75
620.081  167.594  482.952  158.635
476.777  254.363  365.932  241.66
495.332  253.584  380.272  241.905
550.235  440.756  416.511  427.174
157.145  46.8625  207.552  87.4512
466.288  342.408  355.983  319.002
497.541  293.291  379.207  278.192
390.919  264.943  311.478  245.449
539.868  279.858  412.594  272.193
573.468  178.597  441.582  171.657
472.557  163.085  365.306  160.782
485.294  441.334  368.588  411.957
547.206  280.048  416.461  270.39
595.562  123.445  461.652  115.902
573.671  283.324  437.654  275.962
589.996  128.018  455.326  119.855
238.73  241.768  237.193  221.098
527.282  273.101  401.415  262.321
426.393  179.463  336.041  173.606
185.405  48.4441  217.43  87.1182
589.95  99.5512  457.534  91.1652
620.238  166.065  482.997  157.645
525.297  367.613  399.94  351.724
464.819  206.994  358.785  198.703
430.957  175.943  338.505  173.324
157.726  331.381  200.775  279.489
377.351  243.305  306.067  228.998
553.392  262.331  423.312  253.292
474.025  161.759  367.307  157.316
487.42  251.764  373.09  239.642
589.973  126.45  455.275  118.566
345.763  251.31  288.258  231.505
506.239  123.44  389.321  122.384
573.787  176.934  441.949  169.884
546.786  280.874  416.079  271.119
529.299  269.87  402.906  259.047
510.685  97.5905  393.192  98.8501
552.969  174.556  423.452  167.796
438.093  321.856  338.642  297.742
475.437  236.357  367.261  225.827
552.032  283.858  420.123  274.165
550.034  283.835  418.55  274.746
498.725  123.476  384.348  125.512
497.627  256.987  382.115  245.746
523.47  126.34  401.943  124.939
278.343  342.482  257.702  300.673
256.252  393.575  242.163  333.144
445.15  345.01  341.234  318.333
573.784  282.508  437.809  274.784
317.78  469.732  268.576  400.279
547.261  280.741  416.432  271.088
384.229  210.451  309.77  201.48
485.315  350.013  376.458  330.209
500.741  122.948  385.426  122.698
471.127  220.014  362.73  210.595
573.295  181.761  441.445  174.808
245.179  234.653  239.829  215.753
445.091  281.6  339.278  257.764
471.838  444.05  358.396  410.118
534.216  85.6048  410.865  84.387
567.25  111.923  438.161  105.577
247.222  247.574  239.664  226.73
488.762  262.199  373.967  249.752
499.635  128.003  384.554  127.773
515.357  288.292  391.767  274.476
514.203  290.914  391.201  277.758
419.077  191.918  330.367  186.061
579.861  101.999  447.086  95.4256
568.873  402.871  430.783  393.995
569.674  386.676  431.582  377.609
351.243  246.44  294.306  230.552
566.6  282.733  431.785  274.454
75.3338  223.215  172.129  206.135
353.088  423.924  291.928  371.284
528.153  188.645  405.663  182.458
435.528  323.492  336.532  298.723
617.31  343.863  471.542  343.218
514.289  290.163  391.305  277.219
520.681  174.647  400.449  169.636
556.874  463.813  421.421  450.89
174.804  405.25  207.315  333.723
182.781  308.891  214.678  266.912
398.621  204.862  319.73  196.271
609.878  449.271  466.794  452.146
446.99  203.624  347.607  196.66
437.793  228.418  341.919  215.317
90.1172  209.454  178.086  197.806
563.167  465.597  426.487  455.033
489.671  178.084  375.869  171.569
489.294  262.788  373.967  249.752
139.439  357.56  194.337  297.9
326.684  379.808  277.505  331.425
544.092  357.655  410.545  344.058
534.859  92.9574  411.093  91.5524
414.499  204.002  329.422  196.146
496.799  171.293  381.574  167.786
405.719  224.278  322.257  210.738
579.394  305.815  441.379  299.586
610.632  443.264  465.912  446.886
618.6  291.918  476.037  289.641
572.408  178.516  440.956  171.35
574.777  283.237  438.483  275.476
140.756  209.615  196.966  198.608
437.837  226.466  342.037  213.593
616.784  339.471  471.326  338.702
417.623  329.84  332.227  305.96
104.103  205.851  182.65  195.312
588.403  125.905  453.723  118.239
462.523  276.356  356.618  258.333
244.034  232.661  239.528  216.688
373.647  254.958  305.016  236.963
151.179  232.446  200.201  213.926
548.448  223.656  420.522  215.905
96.1955  336.023  177.887  278.14
437.506  228.253  341.919  215.317
495.935  449.708  376.265  421.844
493.626  352.942  377.336  333.936
146.301  321.307  196.652  271.655
469.249  252.242  360.597  239.339
438.191  212.459  342.323  205.214
115.956  253.116  187.358  224.989
583.125  456.434  443.525  452.41
178.176  261.189  211.275  232.561
422.858  184.928  333.593  177.463
300.386  335.556  263.794  294.113
268.254  397.506  248.288  337.354
487.578  264.281  374.948  251.039
446.903  273.963  345.331  256.968
614.381  384.234  468.569  384.669
573.974  282.912  437.74  275.133
448.602  222.39  348.629  213.997
308.717  243.554  271.679  225.664
575.957  158.877  444.417  152.104
454.634  441.654  349.132  405.122
616.927  343.126  471.338  342.261
473.688  160.364  365.633  157.689
532.125  149.054  407.605  144.886
507.138  130.226  389.578  128.794
513.45  131.621  394.108  129.578
78.5309  235.733  172.571  214.178
544.855  227.941  417.679  219.959
300.791  258.419  264.859  234.636
188.991  359.687  214.042  301.615
259.352  443.07  239.459  372.25
269.021  464.554  247.018  389.255
508.083  274.406  388.451  259.757
432.301  231.801  337.627  220.668
573.997  181.424  442.274  174.647
176.988  351.793  207.846  294.697
455.875  206.859  352.812  199.015
511.887  289.76  389.278  276.416
286.211  417.592  255.608  356.848
218.078  347.34  225.788  295.289
157.823  330.163  201.378  278.495
558.45  198.979  429.177  191.869
333.996  430.737  278.903  374.244
289.905  255.746  260.804  232.963
239.044  240.351  236.566  221.85
549.796  284.714  418.018  275.12
352.514  244.956  292.551  226.761
141.823  220.295  195.352  202.062
175.852  405.371  207.353  334.121
452.276  170.672  351.562  168.263
596.282  198.576  461.246  190.561
109.809  200.157  184.497  191.573
620.26  134.411  482.471  122.037
229.551  291.449  231.643  255.865
438.065  163.523  342.299  161.404
490.102  109.048  377.989  111.154
596.4  139.208  460.23  130.854
341.738  258.535  286.12  236.726
318.754  421.038  272.341  364.223
421.105  236.662  331.135  225.234
515.189  442.943  387.713  420.343
468.11  215.52  360.169  205.858
513.358  269.586  390.664  257.506
478.52  169.987  368.688  166.646
429.521  307.691  334.433  282.705
473.08  275.928  362.354  260.637
509.603  137.504  391.126  135.853
493.2  337.596  373.257  317.692
464.486  352.34  353.861  325.467
537.777  24.9973  417.056  26.7637
562.719  87.6826  435.406  81.4912
398.117  147.399  318.029  148.202
539.422  375.173  408.83  359.204
512.34  271.545  389.535  258.285
426.198  319.521  333.142  293.277
271.085  417.454  248.579  354.733
587.533  100.966  455.781  93.3276
534.859  92.9574  410.838  91.728
552.205  284.488  419.844  273.94
237.498  239.931  235.265  221.171
424.977  186.764  336.213  181.266
227.654  341.955  230.768  292.365
618.277  297.189  475.613  294.687
443.262  272.804  342.328  255.143
509.956  309.472  386.83  293.841
531.522  147.678  407.012  143.778
552.708  288.195  420.139  277.395
188.991  359.687  214.273  301.497
465.331  120.295  360.401  121.166
433.31  232.468  340.875  221.075
291.14  416.255  257.479  356.696
295.889  435.339  260.543  371.783
109.37  195.135  184.316  188.331
441.131  300.975  340.007  279.483
457.582  246.033  352.102  232.129
495.412  292.867  377.061  277.499
486.968  455.771  369.847  425.781
500.573  248.652  381.697  236.905
465.857  291.036  355.3  271.384
537.561  24.1587  416.985  25.9861
519.741  263.863  395.268  252.088
514.491  268.713  391.383  256.708
509.753  131.266  391.248  129.886
570.774  376.004  431.05  366.073
190.407  376.617  215.041  316.086
617.142  292.649  474.639  289.799
239.472  403.574  234.291  337.899
495.886  248.266  382.204  239.387
318.215  423.48  271.483  366.228
315.887  420.985  265.804  361.698
429.517  308.905  334.431  283.624
451.223  133.419  351.384  135.537
457.361  160.896  354.713  159.156
76.631  229.983  171.707  210.572
565.307  283.83  432.592  277.789
247.994  409.94  238.515  346.261
415.142  326.493  324.805  297.11
504.733  138.335  387.356  136.203
404.694  250.693  319.89  231.032
429.449  148.623  336.322  147.111
571.291  294.186  434.812  286.554
578.502  188.242  446.151  181.344
443.349  210.805  345.274  197.998
427.214  300.143  334.379  280.277
563.165  379.871  425.792  369.018
493.513  291.596  375.707  276.284
475.112  355.336  361.476  332.619
512.727  270.352  390.044  258.354
339.888  240.808  286.132  222.877
585.378  97.2839  451.547  88.8329
515.167  142.469  397.495  138.923
567.145  39.8198  440.272  35.3356
416.642  327.022  324.424  296.965
456.684  212.429  352.015  201.992
551.351  376.015  416.488  365.669
433.323  197.125  341.327  190.074
333.053  243.989  280.141  226.772
566.554  390.744  428.473  381.005
530.08  463.131  401.11  443.323
513.616  97.2495  394.767  98.8505
510.294  99.1778  392.216  100.069
430.756  149.314  339.144  152.891
278.721  434.974  251.618  369.152
566.233  384.402  427.704  373.171
536.11  350.799  404.41  336.24
562.618  274.026  431.781  259.223
232.274  427.605  230.552  357.108
301.249  420.848  263.863  361.761
533.544  302.474  404.693  290.435
346.584  392.807  287.036  343.654
514.007  94.0966  395.027  95.3236
210.267  394.146  222.43  330.539
567.412  369.388  429.172  360.411
326.212  429.751  275.768  372.444
570.603  105.942  441.682  99.4966
527.37  345.913  397.829  330.237
618.283  192.708  481.349  185.354
485.441  265.931  371.797  254.73
529.445  279.528  401.95  267.486
618.437  309.62  474.629  307.88
354.761  254.364  293.446  233.785
554.083  286.177  421.023  276.158
590.533  307.57  450.446  301.991
397.407  190.648  318.315  181.739
415.875  216.042  330.293  205.699
323.791  429.562  273.867  372.056
618.283  192.708  481.565  184.885
550.854  441.165  417.771  427.76
352.648  425.647  292.614  373.037
464.643  205.024  361.688  198.176
566.32  270.787  434.273  262.721
547.732  355.735  413.922  343.31
438.006  164.745  342.106  163.14
590.858  307.736  450.573  302.348
464.055  186.862  356.257  176.184
195.548  378.536  217.028  318.171
101.472  244.332  182.328  221.802
250.172  228.348  244.318  211.993
45.8494  284.704  160.085  244.718
578.452  187.42  446.366  180.306
505.146  130.661  387.739  130.083
578.486  185.949  446.468  178.604
456.789  282.045  351.481  265.567
172.345  263.65  207.84  236.418
545.483  241.518  418.224  228.943
580.136  304.512  441.629  297.789
514.865  290.137  391.201  277.758
439.271  333.182  340.052  305.564
578.884  187.41  446.791  180.066
510.158  351.589  387.837  331.787
609.751  185.978  473.896  178.152
501.904  450.323  380.683  424.634
550.713  362.365  413.266  349.007
550.018  440.541  417.154  427.652
602.624  198.549  467.16  191.263
567.091  369.919  429.319  361.418
530.253  458.049  401.532  438.607
90.6315  180.298  176.699  178.3
622.544  222.174  484.888  216.122
245.144  390.273  240.027  332.159
353.31  261.111  289.469  236.359
461.209  267.197  354.475  252.56
549.729  171.741  420.12  165.87
532.412  174.278  409.911  168.466
579.723  189.477  447.408  182.743
446.671  281.605  344.889  264.43
430.957  175.943  337.726  173.682
141.202  308.156  195.563  265.529
610.103  199.937  473.675  193.458
602.535  197.846  467.162  190.497
308.493  239.096  268.657  223.263
553.344  286.851  420.257  276.409
446.155  187.206  346.981  183.248
562.242  377.896  424.183  365.311
563.463  461.184  427.56  450.743
250.546  244.021  241.99  225.776
609.473  189.006  473.779  180.882
187.347  407.37  214.626  337.54
148.821  403.886  197.26  330.733
619.22  194.151  482.527  186.566
440.549  324.611  341.675  302.446
112.066  396.217  182.657  321.746
618.244  201.297  481.396  194.235
512.719  332.453  387.21  315.485
618.511  314.331  474.18  312.694
562.989  378.206  425.475  367.846
527.37  345.913  397.678  330.427
602.964  197.915  467.605  190.578
579.878  303.894  441.361  296.909
227.941  302.017  231.224  266.767
125.372  243.367  189.027  220.818
561.129  352.004  424.43  342.055
385.658  188.698  309.758  183.38
431.985  235.292  338.381  220.013
432.238  141.023  341.304  139.832
363.146  427.001  300.057  375.624
579.828  303.687  441.313  296.656
563.442  380.406  425.434  369.175
96.937  305.523  178.788  261.238
213.226  312.484  225.184  273.47
356.703  251.835  300.759  237.201
527.159  344.915  397.53  329.448
618.502  323.741  473.369  322.448
603.103  219.578  467.446  212.396
285.757  234.262  259.537  216.027
81.4098  406.836  169.971  325.58
619.47  192.677  482.837  185.209
336.858  242.415  282.738  226.721
568.395  369.25  429.527  360.59
568.543  271.752  436.339  263.964
90.7222  208.064  178.086  197.806
422.567  184.317  334.848  177.997
391.831  237.126  315.032  221.226
210.24  396.158  223.504  328.768
414.794  195.365  330.107  187.719
500.637  335.769  378.07  317.227
572.258  282.407  435.488  274.637
467.602  219.162  359.097  209.24
286.178  232.234  260.758  215.239
576.774  307.933  438.484  300.716
495.618  152.644  380.038  149.709
526.456  345.184  397.678  330.427
323.945  362.91  274.716  316.744
235.631  293.631  234.287  257.01
89.1697  207.057  178.283  193.245
609.396  201.055  473.52  193.745
458.487  190.969  358.539  186.357
493.495  77.7894  380.401  83.0991
559.911  380.336  422.783  368.832
327.824  380.821  280.935  335.558
582.193  306.36  443.048  299.635
84.3916  353.264  171.956  291.144
289.596  262.888  260.448  237.356
416.258  324.564  325.337  294.815
180.174  357.902  209.353  298.471
609.734  187.175  473.981  180.043
526.4  345.06  397.678  330.427
372.38  260.654  302.335  238.504
577.429  305.726  439.206  298.065
559.31  389.911  421.776  375.279
571.388  362.067  432.778  351.362
255.365  251.84  245.625  228.362
563.499  377.751  425.742  367.799
605.664  307.944  462.943  304.235
388.708  151.139  317.097  153.538
348.727  430.746  285.48  373.752
132.686  271.475  191.501  240.23
603.125  198.059  467.995  190.795
493.2  337.596  372.886  318.395
414.596  422.71  324.988  382.097
544.876  291.187  413.203  281.358
550.169  286.058  417.425  276.559
547.176  353.055  412.871  340.039
285.511  267.986  259.619  241.726
606.052  308.088  463.368  304.265
616.646  340.582  471.326  338.702
471.184  189.958  367.113  185.772
244.634  260.28  239.477  233.272
213.528  310.586  225.005  272.301
604.335  198.46  468.845  192.194
82.9106  353.236  172.483  291.414
548.991  440.761  416.809  427.034
532.367  95.0214  408.107  94.8057
354.761  254.364  292.704  232.376
554.183  181.792  427.051  176.597
563.987  380.705  425.289  368.969
188.117  30.0038  217.324  74.1683
569.68  385.114  430.683  376.858
560.096  380.124  422.783  368.832
617.742  324.53  472.679  322.794
435.168  229.513  341.069  215.35
465.463  167.337  362.925  162.967
149.263  48.4887  205.526  88.3082
622.971  194.976  486.313  187.735
90.2003  251.059  177.276  225.994
338.893  241.706  286.73  223.604
205.575  265.427  221.583  239.681
441.077  211.214  346.754  202.438
145.337  226.101  199.767  211.954
130.086  465.843  187.534  370.635
76.4298  223.242  171.674  207.146
384.443  212.8  309.377  205.015
491.148  217.377  379.031  206.739
191.631  401.793  214.625  334.554
563.499  377.751  425.475  367.846
139.877  221.26  196.947  208.201
454.721  152.71  352.047  151.51
520.626  260.694  395.304  250.305
550.018  440.541  417.771  427.76
202.051  408.687  219.262  340.628
25.5314  166.463  155.349  171.195
455.786  283.119  350.994  267.726
425.388  177.078  336.964  171.317
563.499  377.751  425.487  367.949
572.684  385.991  432.796  378.177
538.843  149.765  411.555  145.992
109.589  396.153  180.849  321.918
314.264  354.895  270.771  309.208
563.922  377.597  425.742  367.799
110.111  323.324  183.385  274.263
557.778  268.883  428.004  262.922
247.095  391.306  240.187  333.772
509.374  111.927  390.226  110.87
135.763  304.147  194.002  263.448
418.185  204.686  328.445  197.878
565.858  378.684  426.711  368.384
565.229  376.626  426.885  367.559
197.38  407.381  216.93  339.286
576.606  176.338  446.113  167.625
24.3311  166.175  155.371  171.496
51.082  307.981  161.849  260.711
502.886  353.613  384.772  332.651
545.575  295.883  413.184  285.614
346.197  430.7  287.975  377.039
259.251  395.934  245.493  333.798
551.145  378.444  415.709  365.054
234.856  337.35  235.085  288.75
540.836  88.5837  419.179  87.0868
469.375  307.854  360.724  292.386
194.421  257.45  217.23  234.137
482.795  365.353  373.473  345.248
380.533  268.885  306.585  244.864
485.209  290.74  369.06  275.432
235.158  405.867  233.627  342.89
325.087  248.394  281.916  229.896
556.731  49.9295  432.761  44.9345
471.372  261.029  367.499  250.185
524.6  192.523  399.442  186.193
426.108  236.431  334.052  227.53
372.304  258.082  306.782  239.675
486.806  177.221  377.321  169.948
243.87  250.273  240.179  225.804
109.681  323.657  183.431  274.862
446.423  285.7  343.143  267.787
63.045  242.186  166.264  219.325
287.9  283.882  259.816  252.637
547.462  352.112  412.871  340.039
34.8647  463.151  153.696  352.076
456.134  188.3  355.774  178.501
373.818  257.271  308.169  239.482
226.083  344.309  229.848  292.338
397.632  192.172  318.656  181.161
465.483  167.059  363.702  163.083
586.83  317.164  447.6  308.272
376.851  246.814  306.582  227.626
469.089  94.4557  368.149  100.501
260.042  242.491  249.127  221.507
465.463  167.337  363.702  163.083
146.279  404.584  196.648  332.105
192.968  377.046  216.12  318.217
554.924  360.307  417.101  349.746
422.517  197.884  331.225  193.251
51.082  307.981  161.849  260.711
