# Camera parameter file. 

# The format of each camera is as follows:
# Filename (of the undistorted image in visualize folder)
# Original filename
# Focal Length (of the undistorted image)
# 2-vec Principal Point (image center)
# 3-vec Translation T (as in P = K[R T])
# 3-vec Camera Position C (as in P = K[R -RC])
# 3-vec Axis Angle format of R
# 4-vec Quaternion format of R
# 3x3 Matrix format of R
# [Normalized radial distortion] = [radial distortion] * [focal length]^2
# 3-vec Lat/Lng/Alt from EXIF

# The nubmer of cameras in this reconstruction
186

00000000.jpg
/home/evan/UAV_Photogrammetry_toolkit/output_dir/Final/5730.jpg
1174.04370117
487 274
1.56140073266 0.218827241193 -8.04118185831
2.00504113216 -0.108865118424 7.94441934237
0.0108945100264 -0.43680447323 -0.0948761970668
0.975115527966 0.00540199558526 -0.216587605161 -0.04704395117
0.901756790973 0.0894060494672 -0.422904034243
-0.0940870996636 0.995518365733 0.00984319747584
0.421887713585 0.0309134765846 0.906126014813
0.706935114532
0 0 0

00000001.jpg
/home/evan/UAV_Photogrammetry_toolkit/output_dir/Final/5790.jpg
1170.47424316
487 274
1.93212084283 -0.118245364731 -8.39281916224
1.81061944629 0.061170269865 8.42043527705
-0.0056157675356 -0.438807685943 -0.145565846701
0.973398981736 -0.00278294181009 -0.217454915656 -0.0721364049238
0.89502456765 0.141645399944 -0.42293944435
-0.139224612452 0.989581872666 0.0367908730417
0.423742129544 0.025955222145 0.90541587026
0.693522512405
0 0 0

00000002.jpg
/home/evan/UAV_Photogrammetry_toolkit/output_dir/Final/5820.jpg
1168.80700684
487 274
2.4934003021 -0.132718404959 -8.42538175325
1.56651375774 1.11022302463e-16 8.64679975817
-0.014199968917 -0.467069019242 -0.0195813057772
0.97278334682 -0.00703545421685 -0.231411964364 -0.00970166773655
0.892711304509 0.0221321463107 -0.450090779381
-0.0156183369313 0.999716435378 0.0181783722338
0.450364041373 -0.00919751856406 0.892802019516
0.688895990643
0 0 0

00000003.jpg
/home/evan/UAV_Photogrammetry_toolkit/output_dir/Final/5850.jpg
1171.97998047
487 274
2.73889668961 0.331086944961 -8.43168206911
1.30858783088 -0.0206513085894 8.77444837072
0.0346826821984 -0.462200199845 0.00906493526076
0.973257215303 0.0171864784767 -0.229036316774 0.00449199153227
0.895047802696 -0.0166150451075 -0.445667728555
0.000872407571957 0.999372226134 -0.0355110896424
0.44597726291 0.0313963670899 0.894498399726
0.685575760225
0 0 0

00000004.jpg
/home/evan/UAV_Photogrammetry_toolkit/output_dir/Final/5760.jpg
1171.52758789
487 274
1.51442995261 0.422798065322 -8.2196031231
2.08846019765 0.00213707157581 8.10382175733
0.0561734568395 -0.437202218118 0.143451940937
0.97326156424 0.0278359475956 -0.216649263138 0.0710855435125
0.896021181319 -0.150430526659 -0.417755121797
0.126308782436 0.988350835445 -0.0849847303105
0.425670481137 0.0233819012856 0.904580272943
0.683050619698
0 0 0

00000005.jpg
/home/evan/UAV_Photogrammetry_toolkit/output_dir/Final/5880.jpg
1174.54797363
487 274
3.68486286117 -0.169148844229 -8.14912190392
1.17813867397 -0.0161694672579 8.86713013291
-0.00915963957065 -0.557120966456 -0.0817473554192
0.960618846693 -0.00451954092045 -0.274894114132 -0.0403357048174
0.845615237161 0.0799799452136 -0.527771846371
-0.0750090077555 0.996708434704 0.0308596014111
0.528502021148 0.0134933766648 0.848830602622
0.668667133719
0 0 0

00000006.jpg
/home/evan/UAV_Photogrammetry_toolkit/output_dir/Final/5910.jpg
1167.28442383
487 274
5.05846671548 -0.658279230919 -7.41870490524
1.24851604886 0.0711851652832 8.91596382355
-0.0567482705226 -0.73866565325 -0.0505939083866
0.931863820587 -0.0277267244094 -0.36090578285 -0.0247197551875
0.738273531804 0.0660836909402 -0.671258583513
-0.0260580911116 0.997248673334 0.069518436425
0.674001583201 -0.0338316889369 0.737958515337
0.689482131137
0 0 0

00000007.jpg
/home/evan/UAV_Photogrammetry_toolkit/output_dir/Final/5940.jpg
1173.83325195
487 274
4.92956780586 -0.486044512321 -7.35327179219
1.22172574305 0.1574764128 8.78006716458
-0.0199075844747 -0.73110853282 -0.0825341294503
0.933046142513 -0.00973063625675 -0.357358835077 -0.0403418904724
0.741337868856 0.0822359290728 -0.666080278662
-0.068327452075 0.996559703192 0.0469913571894
0.667648851584 0.0106748266952 0.744402844188
0.719246459556
0 0 0

00000008.jpg
/home/evan/UAV_Photogrammetry_toolkit/output_dir/Final/6000.jpg
1171.07397461
487 274
4.74721530437 -0.0247975422505 -6.79795117256
1.11242583481 0.242367438376 8.21292853502
0.0366167819557 -0.744773144397 -0.0371173717657
0.931131128278 0.017886136236 -0.363798051443 -0.0181306584759
0.734648542032 0.0207498778481 -0.678136476293
-0.0467782040841 0.998707479214 -0.0201169835753
0.676838284129 0.0465003692806 0.734664690944
0.705425674042
0 0 0

00000009.jpg
/home/evan/UAV_Photogrammetry_toolkit/output_dir/Final/5970.jpg
1183.78491211
487 274
4.99470817502 -0.384153211404 -6.97607653176
1.17104060373 0.178438747063 8.50630238677
-0.0105087649985 -0.759724680032 -0.0597898182287
0.928266703861 -0.00512813311856 -0.370735218954 -0.0291766108629
0.723410962067 0.0579690400742 -0.687983502298
-0.0503656655078 0.998247800619 0.0311542373991
0.688581136516 0.0121131364914 0.725057531299
0.757010611645
0 0 0

00000010.jpg
/home/evan/UAV_Photogrammetry_toolkit/output_dir/Final/6030.jpg
1159.73303223
487 274
4.84367943501 -0.282773862378 -6.47832494055
1.10728424853 0.300657784887 8.0120648117
0.0140500329535 -0.780870337233 -0.0454081764015
0.924469677478 0.00684724223719 -0.380554862224 -0.0221295412187
0.709379245522 0.0357045069808 -0.70392575077
-0.0461278523521 0.998933709026 0.00418285564202
0.703319972201 0.0295031269325 0.710263783757
0.670926346129
0 0 0

00000011.jpg
/home/evan/UAV_Photogrammetry_toolkit/output_dir/Final/5700.jpg
1188.66845703
487 274
-0.323056305649 0.800215578236 -7.93228185928
1.97093671062 -0.165009021002 7.73004730515
0.0375391010306 -0.190285693939 -0.291819236398
0.984693866883 0.0186736893604 -0.0946569267989 -0.145164418441
0.939939987372 0.282349476977 -0.191837857121
-0.289420573136 0.957162587209 -0.00929431367534
0.180994523986 0.0642571558659 0.981385471324
0.734978502079
0 0 0

00000012.jpg
/home/evan/UAV_Photogrammetry_toolkit/output_dir/Final/5670.jpg
1181.00891113
487 274
-2.67762447778 -0.284109708031 -7.60655788576
2.63849695397 -0.080334614268 7.62507364612
0.00658287118066 0.00720994966618 0.155691128599
0.996960593608 0.00328810024402 0.00360132176464 0.077766680205
0.987878932156 -0.15503601722 0.00769227531071
0.15508524542 0.987888320202 -0.0059960879847
-0.00666922822629 0.00711633749979 0.99995444847
0.745522862433
0 0 0

00000013.jpg
/home/evan/UAV_Photogrammetry_toolkit/output_dir/Final/5640.jpg
1193.70324707
487 274
-3.12208655259 0.497651861325 -7.18182543334
3.26581264621 -0.0307975995836 7.13489736373
0.00473946285656 -0.0150535135946 -0.135319793946
0.997682055866 0.00236790017683 -0.00752094036421 -0.0676076116032
0.990748268001 0.134866142312 -0.01532721653
-0.134937461435 0.990850131359 -0.00370791426742
0.0146868124485 0.0057417317986 0.99987953903
0.692447069902
0 0 0

00000014.jpg
/home/evan/UAV_Photogrammetry_toolkit/output_dir/Final/5610.jpg
1214.39892578
487 274
-4.15807565897 -0.865158446454 -6.65558060627
4.31889905558 0.0302981104861 6.60912755408
0.00704431536481 -0.0101696592287 0.207284742701
0.994616192117 0.00351583453737 -0.00507570108632 0.103456307635
0.978544069493 -0.205833234211 -0.00936901883443
0.20576404079 0.978573560336 -0.00804411844108
0.0108244791128 0.00594350539761 0.999927848659
0.730785235165
0 0 0

00000015.jpg
/home/evan/UAV_Photogrammetry_toolkit/output_dir/Final/5550.jpg
1214.9407959
487 274
-5.59858389446 -0.877924542743 -6.28966618025
5.65491661094 0.0907867372294 6.29984001068
0.0268230461398 0.00411545254738 0.169554852446
0.996317973952 0.0133950585 0.00205520011929 0.0846733497623
0.985656105683 -0.168667305257 0.00636421940998
0.168779015874 0.985307165238 -0.0263434531865
-0.0018263118657 0.0270394969964 0.999634749957
0.719123401053
0 0 0

00000016.jpg
/home/evan/UAV_Photogrammetry_toolkit/output_dir/Final/5430.jpg
1222.09191895
487 274
-7.61108271046 -1.16582860595 -5.39006632237
7.0223027014 0.0784265554267 6.24667455566
-0.0179754043372 0.115243308252 0.133933829248
0.996060854896 -0.00897589777891 0.0575459742195 0.066878960713
0.984434815322 -0.134263755912 0.113438483957
0.132198303217 0.990894537505 0.0255783549071
-0.11583868515 -0.0101838067534 0.993219553801
0.70214000586
0 0 0

00000017.jpg
/home/evan/UAV_Photogrammetry_toolkit/output_dir/Final/5520.jpg
1225.81286621
487 274
-5.29085458374 0.449840121649 -6.20754570842
5.57050352331 0.117435815936 5.97365066683
0.0232116593634 -0.0437460112447 -0.0783506464341
0.998927232433 0.0116016792656 -0.0218651835125 -0.0391613135429
0.995979092561 0.0777312635044 -0.0445923120917
-0.0787459467188 0.996666089694 -0.0214659093102
0.0427745969193 0.0248910241313 0.998777280528
0.741769309226
0 0 0

00000018.jpg
/home/evan/UAV_Photogrammetry_toolkit/output_dir/Final/5490.jpg
1212.69580078
487 274
-5.90422532226 0.252281666311 -6.30365339221
5.90420804476 0.024243834161 6.30862594402
0.0362498133769 0.000146544830352 -0.00811289015912
0.999828640768 0.0181238713866 7.32682298266e-05 -0.00405621337381
0.999969608411 0.00811405299157 0
-0.00810802022523 0.999312884644 -0.0362420289219
-0.000293022698556 0.0362410338538 0.999346750546
0.779757950678
0 0 0

00000019.jpg
/home/evan/UAV_Photogrammetry_toolkit/output_dir/Final/5580.jpg
1216.55175781
487 274
-5.09081250906 -1.25271994012 -6.38122685505
5.25161149264 0.0124685659023 6.37382057686
0.00165624833113 -0.00121781673734 0.240719455273
0.992766485659 0.000826126451659 -0.000607439476969 0.120069379508
0.971169704627 -0.238401574957 -0.00100739379789
0.238401848762 0.971169869237 -0.0017859059707
0.00140478842131 0.00149469664579 1.00000160633
0.705268166584
0 0 0

00000020.jpg
/home/evan/UAV_Photogrammetry_toolkit/output_dir/Final/5460.jpg
1209.26330566
487 274
-7.25231242094 0.461097871018 -5.37098568118
6.38275347352 1.11022302463e-16 6.3965785039
-0.0147399015235 0.150567815703 -0.0801899777463
0.996338370113 -0.00736095322002 0.0751919981325 -0.0400460392467
0.985487752117 0.0786919811212 0.150422143248
-0.0809056407691 0.996685450237 0.00864569841426
-0.149244548212 -0.0206903021206 0.988587388684
0.676493019508
0 0 0

00000021.jpg
/home/evan/UAV_Photogrammetry_toolkit/output_dir/Final/5400.jpg
1222.91467285
487 274
-8.22368258723 -1.60878170698 -5.29592314219
7.65317161264 0.252181417509 6.29512429693
0.0119299441364 0.126763370734 0.178912616355
0.993979551126 0.00595299665359 0.0632544388432 0.0892767136436
0.976061301757 -0.176725099216 0.126810002281
0.178231811797 0.983990151031 -0.000540254089208
-0.124684472631 0.0231283736772 0.991929939438
0.736304728541
0 0 0

00000022.jpg
/home/evan/UAV_Photogrammetry_toolkit/output_dir/Final/5310.jpg
1205.46679688
487 274
-7.73557453 3.13351778621 -5.29776100217
7.94304860548 -0.0605093611488 5.88456126502
0.0627537729928 0.0612876606099 -0.343135555646
0.984362528825 0.0312131636368 0.0304839324921 -0.170672546641
0.939885645889 0.337909744592 0.0493603262517
-0.334104893857 0.93979709803 -0.0718557992564
-0.070668637254 0.0510444755042 0.996195608704
0.666919584202
0 0 0

00000023.jpg
/home/evan/UAV_Photogrammetry_toolkit/output_dir/Final/5280.jpg
1236.72766113
487 274
-9.32223109224 -1.61656264173 -4.59625110477
8.94764964368 -0.229407896744 5.52531601698
0.00264323946703 0.10147235907 0.202676155916
0.993585270002 0.00131879257857 0.0506276467726 0.101121299682
0.974424127826 -0.200811445724 0.100873444881
0.201079089664 0.97954897953 0.00761832766895
-0.100338091472 0.01285965919 0.994873647707
0.676832335915
0 0 0

00000024.jpg
/home/evan/UAV_Photogrammetry_toolkit/output_dir/Final/5250.jpg
1237.45947266
487 274
-10.4162732387 -2.213268432 -4.38294129943
9.97312411692 -0.228899045492 5.75247008975
-0.0149726441643 0.132085625903 0.230692931084
0.991153194727 -0.0074642323562 0.0658479418759 0.115006115263
0.964880206298 -0.228959901855 0.12881326956
0.226994812368 0.973440715206 0.0299420322446
-0.132248322266 0.000349241260436 0.991217700166
0.713322893613
0 0 0

00000025.jpg
/home/evan/UAV_Photogrammetry_toolkit/output_dir/Final/5220.jpg
1249.01635742
487 274
-11.0532848856 -2.00781410796 -4.06919765834
10.6306941968 -0.134622620289 5.45293303188
-0.00337154711405 0.126760236853 0.195231318725
0.993233714354 -0.00168196969736 0.0632371045115 0.097395394744
0.973031978384 -0.193684999182 0.125291305367
0.193260559549 0.981023501369 0.0156591237996
-0.125945591429 0.00897676775982 0.991997365569
0.718023000425
0 0 0

00000026.jpg
/home/evan/UAV_Photogrammetry_toolkit/output_dir/Final/5190.jpg
1235.22717285
487 274
-11.2750349283 -0.668570578691 -4.31812162074
10.6999903766 0.0374310958225 5.63271038775
0.013027759326 0.119878392524 0.0632519176663
0.997684429538 0.00650885110397 0.0598929246389 0.0316015443507
0.990831832305 -0.062276915505 0.119920057041
0.0638365594873 0.997922827534 -0.00920220194376
-0.119096896366 0.0167729156587 0.992742223935
0.734237018777
0 0 0

00000027.jpg
/home/evan/UAV_Photogrammetry_toolkit/output_dir/Final/5160.jpg
1224.06628418
487 274
-11.3450489923 0.781049680548 -3.82200147669
10.4586563071 0.105284984319 5.87639861358
0.0351294392174 0.186722727409 -0.0654017743399
0.9949584042 0.0175351916034 0.093204414154 -0.0326459137919
0.980498903523 0.068231303629 0.184324497097
-0.0616940015312 0.997257729967 -0.0409791102719
-0.186613563587 0.0288080347481 0.98201227086
0.767005744145
0 0 0

00000028.jpg
/home/evan/UAV_Photogrammetry_toolkit/output_dir/Final/5130.jpg
1242.56311035
487 274
-11.318883678 3.82869157985 1.3679694859
10.8474998495 -0.230495799181 5.18895225761
0.201474166347 0.534650920261 -0.278912897429
0.949895548529 0.099048936405 0.262845634058 -0.137119444844
0.824223813873 0.312567327689 0.472188086417
-0.208429273408 0.942776613931 -0.260254662561
-0.526515504551 0.116089912549 0.842205784654
0.603451966647
0 0 0

00000029.jpg
/home/evan/UAV_Photogrammetry_toolkit/output_dir/Final/5340.jpg
1216.52758789
487 274
-8.47195765325 -0.203377631249 -5.54433097317
8.08409743015 0.379195415008 6.08754783324
0.0682861537598 0.0679723387509 0.0267543371007
0.998751130824 0.0341288622841 0.0339720201041 0.0133715993087
0.997334667531 -0.0243905055562 0.0687724860332
0.0290290941659 0.997315472199 -0.0672641693977
-0.066945887948 0.0690807898021 0.995365145559
0.723989334587
0 0 0

00000030.jpg
/home/evan/UAV_Photogrammetry_toolkit/output_dir/Final/5370.jpg
1234.68835449
487 274
-8.86609071381 -2.14743572526 -4.38753120265
8.16199002898 0.472443848951 5.96888226814
-0.0572482017628 0.175997365146 0.160926671959
0.992491574535 -0.0285524243139 0.0877783282799 0.0802618506732
0.971708157033 -0.16433003062 0.169655739835
0.154306811579 0.985487373523 0.0707666194325
-0.178821265143 -0.0425855428239 0.982962571534
0.727123014853
0 0 0

00000031.jpg
/home/evan/UAV_Photogrammetry_toolkit/output_dir/Final/5100.jpg
1265.20141602
487 274
-11.7379805195 -2.22798787947 4.10817316981
11.3085855947 -0.231835832116 5.62878550909
-0.0961051791807 0.788960822243 0.195074241373
0.917443554666 -0.0467228145737 0.383563825777 0.0948379440677
0.687769107718 -0.209858529731 0.694933562899
0.13817531236 0.977649746276 0.158484414369
-0.71265907615 -0.0129777659768 0.701391850002
0.792012403916
0 0 0

00000032.jpg
/home/evan/UAV_Photogrammetry_toolkit/output_dir/Final/5070.jpg
1274.28234863
487 274
-12.5214208851 -2.64670209384 4.68411489123
12.252515091 -0.156994220414 5.96505626017
-0.0951798850963 0.799960788322 0.208208764704
0.914698849433 -0.0462289280305 0.388541441011 0.101127123542
0.677621294076 -0.220925126794 0.701447162092
0.149078327406 0.975275534595 0.163155252417
-0.720146474106 -0.00598693670313 0.693799111942
0.815123707944
0 0 0

00000033.jpg
/home/evan/UAV_Photogrammetry_toolkit/output_dir/Final/5010.jpg
1255.81726074
487 274
-13.3575559903 1.57663568056 4.0907538989
12.3586478416 0.177242686284 6.69899590144
0.0295804674947 0.792004046259 -0.126001731223
0.920572463996 0.0143965361081 0.385460941474 -0.0613238608742
0.695318896213 0.124004471187 0.707923366214
-0.10180775964 0.992068689277 -0.073782154575
-0.711455548454 -0.0207699357027 0.702427060382
0.753196099225
0 0 0

00000034.jpg
/home/evan/UAV_Photogrammetry_toolkit/output_dir/Final/4980.jpg
1241.71447754
487 274
-13.8828972098 2.05397810942 3.97455448019
12.6634861835 0.165192122626 7.23597993376
0.0614538077584 0.793536046113 -0.150398793525
0.919103030214 0.0298937758807 0.38601007132 -0.0731604434344
0.691287704061 0.157562209338 0.705192238168
-0.111405731672 0.987509279487 -0.111432304541
-0.713939866806 -0.00153046455528 0.700204537049
0.714666878055
0 0 0

00000035.jpg
/home/evan/UAV_Photogrammetry_toolkit/output_dir/Final/5040.jpg
1249.83691406
487 274
-13.1155570972 -0.986668478129 4.52957156201
12.31066638 0.0402150008405 6.47713760764
-0.0895428087723 0.813047448635 0.0633646414477
0.917039131845 -0.0435263265176 0.395218434722 0.0308012459196
0.685709823449 -0.0908963887258 0.722181295028
0.0220874025455 0.994315154076 0.104177414517
-0.727541786038 -0.0554839642117 0.683818099816
0.74289370469
0 0 0

00000036.jpg
/home/evan/UAV_Photogrammetry_toolkit/output_dir/Final/4950.jpg
1233.43945312
487 274
-14.3342502244 -3.87447180583 3.39464345817
12.9778850786 0.0784021019186 7.97327222648
-0.127207950399 0.767499866142 0.241112318514
0.918219365441 -0.0618604754987 0.373230655126 0.11725149745
0.693904386709 -0.261501894872 0.670909130464
0.16914848747 0.964855738149 0.201126389612
-0.699921330786 -0.0260795566212 0.713747087423
0.661015647554
0 0 0

00000037.jpg
/home/evan/UAV_Photogrammetry_toolkit/output_dir/Final/4920.jpg
1204.57714844
487 274
-15.3154085288 0.167031328948 1.87771566527
12.7846029563 0.019158468867 8.64104096781
-0.0358387030737 0.71644536819 -0.0213042643111
0.936309840107 -0.0175372824597 0.350584806684 -0.0104250117548
0.753965855885 0.00722564852176 0.65687872647
-0.0318185158353 0.999170770625 0.025530856917
-0.656145290692 -0.0401504636261 0.753567840212
0.581726874372
0 0 0

00000038.jpg
/home/evan/UAV_Photogrammetry_toolkit/output_dir/Final/4890.jpg
1218.81091309
487 274
-15.0734808305 -1.32779942317 -3.30407843441
12.8381506763 0.19032401764 8.66218499328
-0.0492481909282 0.376518590731 0.0593862080262
0.981592659901 -0.024472821205 0.187102753982 0.029510689097
0.928247991926 -0.0670929001993 0.365873349272
0.0487770030256 0.99706039764 0.0590876745853
-0.368761410554 -0.0370016920624 0.928788210323
0.791700662742
0 0 0

00000039.jpg
/home/evan/UAV_Photogrammetry_toolkit/output_dir/Final/4860.jpg
1203.85266113
487 274
-15.2056886705 2.70354194121 -3.29229832975
12.9955844381 0.16446865458 8.96929609346
0.014721955773 0.39476715665 -0.193702728166
0.975900760873 0.00730175101391 0.195795418134 -0.0960720921589
0.904869510695 0.190372587466 0.380751196076
-0.18465472388 0.981434335093 -0.0518726402765
-0.383556394055 -0.0233695027957 0.923225334502
0.791572642231
0 0 0

00000040.jpg
/home/evan/UAV_Photogrammetry_toolkit/output_dir/Final/4830.jpg
1204.41894531
487 274
-15.7638042424 -0.869674503009 -3.90055890557
13.5718774237 0.131269290719 8.95841453594
-0.0127260612753 0.340985420717 0.044265477482
0.985238164737 -0.00633168971263 0.1696529534 0.0220237245708
0.941468991937 -0.0455452520395 0.334019057346
0.0412492038676 0.998950449591 0.0199492718935
-0.334575200456 -0.00500361751506 0.94235752349
0.686469973556
0 0 0

00000041.jpg
/home/evan/UAV_Photogrammetry_toolkit/output_dir/Final/4800.jpg
1211.01977539
487 274
-16.0857998257 -2.68384899244 -3.71222487842
14.1460042182 0.0891590614887 8.92286479561
-0.0215612275023 0.338677385737 0.160620258662
0.982431854108 -0.0107174077012 0.168345870927 0.0798392761717
0.930573851025 -0.160481576005 0.32906545798
0.153265016475 0.987023664997 0.0479396840643
-0.332487926443 0.0058231931879 0.943091875838
0.679904720791
0 0 0

00000042.jpg
/home/evan/UAV_Photogrammetry_toolkit/output_dir/Final/4770.jpg
1205.96264648
487 274
-16.3444523935 -2.29392612457 -3.72524840104
14.350883075 0.00397307045047 8.96274728371
-0.0196953876148 0.336001032826 0.139409507188
0.983456804916 -0.00979332957281 0.167073068864 0.0693199482123
0.934566788132 -0.139617963862 0.327259969562
0.133074735281 0.990198504174 0.0424258341614
-0.329976616407 0.00390056771679 0.943983856238
0.67875354872
0 0 0

00000043.jpg
/home/evan/UAV_Photogrammetry_toolkit/output_dir/Final/4740.jpg
1220.55822754
487 274
-16.4475815794 0.64592845304 -2.87185517664
14.3291056753 0.00371493448368 8.59437593221
0.0102556749378 0.36742021566 -0.0379142696006
0.98298150773 0.00509871497654 0.182666764268 -0.018849471674
0.932557159063 0.0389201576157 0.358923898304
-0.0351945707285 0.999237291812 -0.0169103413781
-0.359308307106 0.00313742876239 0.933216127282
0.709118634673
0 0 0

00000044.jpg
/home/evan/UAV_Photogrammetry_toolkit/output_dir/Final/4710.jpg
1199.32165527
487 274
-16.4420602621 1.49132530973 2.44039741904
14.2489705805 -0.0499360984463 8.6881184986
0.0603270122106 0.692370452688 -0.0777880108255
0.939488097829 0.0295525985975 0.339173867879 -0.0381062773605
0.76702094299 0.091647134433 0.635048648568
-0.051554441698 0.995352506615 -0.0813782139409
-0.639550599301 0.0296790446283 0.768178094246
0.554444805838
0 0 0

00000045.jpg
/home/evan/UAV_Photogrammetry_toolkit/output_dir/Final/4680.jpg
1198.74597168
487 274
-14.9898792974 1.30663946986 6.99287184891
14.1493369623 -0.021649334351 8.66600417537
0.058706582585 0.983201436442 -0.0775315817608
0.880443641607 0.0281739011319 0.471848621454 -0.0372082145297
0.551949072554 0.092106899359 0.828774114513
-0.0389320442339 0.99564571003 -0.0847243753448
-0.83297035973 0.0144977530984 0.553129241602
0.677856759289
0 0 0

00000046.jpg
/home/evan/UAV_Photogrammetry_toolkit/output_dir/Final/4140.jpg
1198.85778809
487 274
-16.0166825721 1.88751500351 5.99225214829
14.6960363563 -0.169547025474 8.94434065586
0.183533557144 0.891634898726 -0.0863255806611
0.897289804236 0.0886029277395 0.430446964202 -0.0416746632301
0.625958318753 0.151065668445 0.765085919712
0.00148866679954 0.980825753913 -0.194882605986
-0.77985676926 0.123127408759 0.61373189848
0.64600599704
0 0 0

00000047.jpg
/home/evan/UAV_Photogrammetry_toolkit/output_dir/Final/4170.jpg
1194.15991211
487 274
-16.2543182167 -0.582737926094 4.91565006491
14.5878640053 0.182241402418 8.71014071561
0.0221266931278 0.83241754833 0.0271732180294
0.914479830543 0.0107461311154 0.404274966234 0.0131970449486
0.672775775766 -0.0154483284044 0.739686329895
0.0328253973085 0.999425063365 -0.00898391122228
-0.739118880563 0.0303245694233 0.672892602749
0.57883020334
0 0 0

00000048.jpg
/home/evan/UAV_Photogrammetry_toolkit/output_dir/Final/4350.jpg
1176.72937012
487 274
-16.7136056365 0.605593616187 6.94539066767
15.1597669787 -0.188129036093 9.90429785624
0.0532916782648 0.971224736649 -0.0191481971562
0.884004721719 0.0256073800521 0.46668676531 -0.00920097054281
0.564238640677 0.0401684417862 0.82463555643
0.00763363616919 0.998522197861 -0.0538621466009
-0.825577659961 0.0366860329066 0.563096553548
0.587204740243
0 0 0

00000049.jpg
/home/evan/UAV_Photogrammetry_toolkit/output_dir/Final/4380.jpg
1171.35375977
487 274
-16.8050084838 1.45218563241 6.76104300949
15.0624993624 -0.136536075359 10.1651005283
0.0513081895182 0.973740074218 -0.0704053789849
0.882891148043 0.024644609562 0.467711766276 -0.0338174683699
0.560207275317 0.0827670857464 0.824210978163
-0.0366614881457 0.996501530405 -0.075150617588
-0.82754333496 0.0118834129292 0.561278311449
0.55878005482
0 0 0

00000050.jpg
/home/evan/UAV_Photogrammetry_toolkit/output_dir/Final/4440.jpg
1180.65112305
487 274
-16.4608292729 -3.26515487779 6.95255194835
14.9349878064 -0.0988366742554 10.3389409368
-0.0578667349442 0.998823471979 0.189210410826
0.873176187042 -0.0276995542201 0.478115189064 0.090570930583
0.52640683306 -0.184655584506 0.829939831219
0.131681934787 0.982061063479 0.1349800183
-0.839975359798 0.0382336537536 0.54127871793
0.620842484517
0 0 0

00000051.jpg
/home/evan/UAV_Photogrammetry_toolkit/output_dir/Final/4410.jpg
1171.22058105
487 274
-16.9001014616 -1.41994827079 6.55548256708
14.94217972 -0.104800929132 10.3597125881
-0.0362934590459 0.974701121325 0.0836597773944
0.882578440529 -0.017430735728 0.468121752687 0.0401794568267
0.558496765975 -0.08724270865 0.824906986721
0.0546033807397 0.996163967759 0.0683854543086
-0.827709679133 0.0068494880842 0.56111808101
0.567548510474
0 0 0

00000052.jpg
/home/evan/UAV_Photogrammetry_toolkit/output_dir/Final/4470.jpg
1177.63122559
487 274
-16.2855551257 1.40515330587 7.04216942405
14.6464714474 -0.0309756590208 10.1126130953
-0.00363637307619 1.01233983153 -0.0814400934285
0.873812901025 -0.00174104583538 0.484694504866 -0.0389924060391
0.527103334943 0.0664562938333 0.847200385051
-0.0698319759227 0.996954177714 -0.0347565904507
-0.846928860578 -0.0408419836996 0.530138431333
0.628986692686
0 0 0

00000053.jpg
/home/evan/UAV_Photogrammetry_toolkit/output_dir/Final/4320.jpg
1186.06982422
487 274
-15.9818800368 1.42229603004 7.81215265416
15.1256359651 -0.127893097054 9.4694591766
0.107090431551 1.00839454192 -0.0702231582949
0.873599763786 0.0512695668424 0.482769101046 -0.0336193519434
0.531609780454 0.108242150917 0.840046648682
-0.00923728074892 0.992483627656 -0.122039121523
-0.846941241868 0.0571172044088 0.52861278104
0.636121892655
0 0 0

00000054.jpg
/home/evan/UAV_Photogrammetry_toolkit/output_dir/Final/4050.jpg
1158.52783203
487 274
-16.3801683549 1.52327500865 7.46599769749
14.5623206255 0.0499556301329 10.691454744
0.0702824285726 1.05756776844 -0.0845949890316
0.861979797294 0.0335090950702 0.504224734627 -0.0403330048136
0.48826244066 0.103324541441 0.866558641816
-0.035740399813 0.99450325683 -0.0984424392516
-0.871967496362 0.017094212653 0.489270986282
0.616742169301
0 0 0

00000055.jpg
/home/evan/UAV_Photogrammetry_toolkit/output_dir/Final/4080.jpg
1172.40112305
487 274
-16.1322682876 -1.97574300449 8.10029726379
14.9157167325 -0.0624690515779 10.3578440783
-0.0548459346691 1.06861007967 0.114384639683
0.858707140895 -0.0261188170772 0.508895169099 0.0544724326122
0.476118658469 -0.120135060782 0.871138091604
0.0669684066825 0.992703795411 0.100298332079
-0.876829571083 0.0105846731356 0.480689361414
0.616711952723
0 0 0

00000056.jpg
/home/evan/UAV_Photogrammetry_toolkit/output_dir/Final/4110.jpg
1184.57568359
487 274
-15.6002944447 -2.68723896791 8.07928006324
14.8104367246 -0.14446218662 9.82310654307
-0.0777375988508 1.05602495617 0.163605714542
0.859900686448 -0.0370360907763 0.503116081755 0.077945758357
0.481600457792 -0.1713176875 0.859487003755
0.0967847569673 0.985108708123 0.142126668468
-0.871032452503 0.0147372289409 0.491007596302
0.668968912211
0 0 0

00000057.jpg
/home/evan/UAV_Photogrammetry_toolkit/output_dir/Final/4500.jpg
1180.62585449
487 274
-15.8618548224 -2.82522823992 6.92708289099
14.5097675058 0.222714169428 9.84793010895
-0.0652712595308 1.0016125654 0.150131395909
0.873986396346 -0.0312529094989 0.479587908746 0.0718852824813
0.529656180342 -0.155630470393 0.833812568498
0.0956765655514 0.987713830023 0.123579842593
-0.842800663887 0.0143213715995 0.538038873628
0.638305075368
0 0 0

00000058.jpg
/home/evan/UAV_Photogrammetry_toolkit/output_dir/Final/4020.jpg
1170.51745605
487 274
-16.4418903257 2.31845632335 7.76495603661
14.7469307777 0.169474914339 10.8859635889
0.108423239365 1.069292126 -0.132784429555
0.856950713475 0.0516011115028 0.508900698281 -0.0631951618072
0.47405397201 0.160829904211 0.865682904814
-0.0557906517841 0.986689074911 -0.152759512404
-0.878728361106 0.0241189248696 0.476715054383
0.645363641542
0 0 0

00000059.jpg
/home/evan/UAV_Photogrammetry_toolkit/output_dir/Final/4620.jpg
1198.92468262
487 274
-14.7460637643 1.08952660124 7.81321589947
14.1217032472 0.204568544218 8.95624389554
0.0382685708204 1.05090773182 -0.0796733098506
0.864165132675 0.018259807343 0.501439492169 -0.0380160339689
0.494228690644 0.0840164935032 0.865265151038
-0.0473920306508 0.996444935474 -0.0696845357531
-0.868040950075 -0.00656658041243 0.496451880006
0.721632804982
0 0 0

00000060.jpg
/home/evan/UAV_Photogrammetry_toolkit/output_dir/Final/4650.jpg
1205.56225586
487 274
-14.4966902728 1.24442234434 8.0291284671
14.154667618 0.0474042299335 8.70699740213
0.0900396575388 1.05303647094 -0.0794413804528
0.862843267931 0.042942109233 0.50221878223 -0.0378875323416
0.49268352149 0.108514515388 0.863417592884
-0.0222494934899 0.993443209116 -0.112160544506
-0.869926788219 0.0360486949438 0.491867289453
0.739898017113
0 0 0

00000061.jpg
/home/evan/UAV_Photogrammetry_toolkit/output_dir/Final/4530.jpg
1179.15307617
487 274
-15.7113703204 0.844940363898 6.77483559642
14.280943007 0.419032446318 9.45185139218
0.0671859265424 0.990298654915 -0.0712158884635
0.878748944095 0.0322239316477 0.474970247625 -0.034156795034
0.546474988295 0.0906406922673 0.832557605942
-0.0294202980117 0.995592948688 -0.089080591583
-0.836960808367 0.0241863920569 0.54673089001
0.621534843659
0 0 0

00000062.jpg
/home/evan/UAV_Photogrammetry_toolkit/output_dir/Final/4590.jpg
1177.20947266
487 274
-15.158118345 0.247798141656 7.19108525029
13.879388257 0.417962665638 9.41952937259
-0.0652398049285 1.0383715447 -0.0466403378845
0.867456581254 -0.0311655643625 0.496038196987 -0.0222804536865
0.506903507337 0.00773590880215 0.861972410258
-0.0695733959327 0.997067157111 0.0319656295059
-0.859193983859 -0.0761734661531 0.505953016992
0.668216408625
0 0 0

00000063.jpg
/home/evan/UAV_Photogrammetry_toolkit/output_dir/Final/3990.jpg
1180.38452148
487 274
-16.4963423382 -1.07118292421 8.4802153904
14.786159505 0.323130181824 11.2451998791
-0.0645955870724 1.12237570953 0.0369639259839
0.845967801086 -0.03062180902 0.532066913293 0.0175229041706
0.433197601279 -0.0622333682909 0.899150134883
-0.0029381174517 0.997512735235 0.0704567223803
-0.901295771791 -0.0331635353875 0.431935745381
0.720080167737
0 0 0

00000064.jpg
/home/evan/UAV_Photogrammetry_toolkit/output_dir/Final/3930.jpg
1179.88049316
487 274
-16.0700294729 2.08506756131 8.94445835386
14.629941024 0.450313862553 11.3294997342
0.121840857021 1.15913564711 -0.136301900695
0.832755005276 0.0574847596543 0.546882513056 -0.0643075089378
0.393569648975 0.169979006141 0.90344543509
-0.0442305936375 0.985122931149 -0.166078921514
-0.918231165091 0.0254039638029 0.395231015125
0.713116841902
0 0 0

00000065.jpg
/home/evan/UAV_Photogrammetry_toolkit/output_dir/Final/3960.jpg
1183.0267334
487 274
-16.2885819453 -0.520731876819 8.94009776782
14.7493368675 0.465600820652 11.3028386223
-0.0310309224831 1.15497340096 0.000785926825672
0.837723824457 -0.0146667492 0.545897570846 0.000371467901026
0.403991650053 -0.0166355771128 0.914612593424
-0.01539082707 0.999572154774 0.0249791016057
-0.914633009819 -0.024167639323 0.403561019425
0.705326381694
0 0 0

00000066.jpg
/home/evan/UAV_Photogrammetry_toolkit/output_dir/Final/3840.jpg
1169.59692383
487 274
-16.22790422 -0.527940223668 10.6351571361
14.8477305481 0.0355239472011 12.5009304734
-0.037743912924 1.27924126399 0.0249749525983
0.802083685922 -0.0176096818525 0.596838799328 0.0116522356975
0.287295846054 -0.0397122602549 0.957018653285
-0.00232798762494 0.999110267042 0.0421579191557
-0.957840002978 -0.0143398349568 0.28694684379
0.637900738581
0 0 0

00000067.jpg
/home/evan/UAV_Photogrammetry_toolkit/output_dir/Final/3780.jpg
1171.25817871
487 274
-16.3506536879 1.06005423519 10.6789973827
14.9862318711 0.0487662103842 12.5665661937
0.0368857000926 1.27509644476 -0.0586576312841
0.802997448758 0.0172150534714 0.595104699724 -0.0273763072552
0.290202596972 0.064455869789 0.954792807089
-0.0234765497403 0.99790861947 -0.0602307286864
-0.956677415401 -0.00493615261552 0.291108394405
0.630144764749
0 0 0

00000068.jpg
/home/evan/UAV_Photogrammetry_toolkit/output_dir/Final/3810.jpg
1171.890625
487 274
-16.1511277669 -2.6527350653 10.7447836899
14.9689414404 2.22044604925e-16 12.6204212787
-0.105127768794 1.27832553568 0.139814029835
0.799029091622 -0.0489930285745 0.595742116624 0.0651579771684
0.281694289244 -0.162501059335 0.945646914909
0.0457514179005 0.986711964728 0.155928611769
-0.95841421424 -0.000658808702036 0.285383703063
0.627165096365
0 0 0

00000069.jpg
/home/evan/UAV_Photogrammetry_toolkit/output_dir/Final/3900.jpg
1177.58410645
487 274
-15.6962424099 2.76440284127 9.77079621226
14.6759053062 0.256888465387 11.5773191563
0.0648679586746 1.21808695065 -0.169289486561
0.81633951448 0.0304229268597 0.571280042807 -0.0793963888025
0.334670451146 0.164388964843 0.927885012598
-0.0948686731028 0.985542710597 -0.140386017767
-0.937548878509 -0.0410442684008 0.345427649859
0.666418521596
0 0 0

00000070.jpg
/home/evan/UAV_Photogrammetry_toolkit/output_dir/Final/3870.jpg
1171.54626465
487 274
-15.8730582705 -3.78540779277 10.0408625273
14.78210751 0.112751651751 12.1892259531
-0.162871552937 1.23283695198 0.1956843336
0.808366556408 -0.0761641561269 0.576515569452 0.0915085038924
0.318513863999 -0.235763451046 0.918133345871
0.0601262056482 0.971653289215 0.228649485548
-0.946010276505 -0.0176247408917 0.323658804864
0.630731129679
0 0 0

00000071.jpg
/home/evan/UAV_Photogrammetry_toolkit/output_dir/Final/3750.jpg
1171.45629883
487 274
-16.2659570967 0.783476610558 10.8443852371
15.045623252 0.323316073446 12.5027978206
0.0258473312356 1.28071429702 -0.0593619809846
0.801393866017 0.0120561936649 0.597374616882 -0.0276887208416
0.284754592242 0.0587828935879 0.956797150516
-0.0299753905735 0.998177143399 -0.0524046618337
-0.958132264218 -0.0137576232314 0.285996778318
0.615033997974
0 0 0

00000072.jpg
/home/evan/UAV_Photogrammetry_toolkit/output_dir/Final/3720.jpg
1182.27636719
487 274
-16.5975369153 -0.0675333423023 10.5550564222
15.1032529621 0.558248169149 12.5885270968
0.0169320174025 1.26139965197 -0.0256522381893
0.807505394046 0.00791547751502 0.589686411561 -0.0119920568099
0.30425364839 0.0287022796013 0.952160170271
-0.0100323226376 0.999590129685 -0.0269265266932
-0.952539662255 -0.0013593635339 0.304416067578
0.717792663308
0 0 0

00000073.jpg
/home/evan/UAV_Photogrammetry_toolkit/output_dir/Final/3630.jpg
1169.57873535
487 274
-16.8117819551 -0.607975968147 10.7667252184
15.1522896268 0.706995795523 12.9936779589
0.00567495331917 1.27862893129 -0.00493219167137
0.802498846839 0.00264809227112 0.596644095581 -0.00230149886881
0.288022105807 0.00685372756849 0.957599693617
-0.000534073184401 0.999976618486 -0.00699654597103
-0.957625101091 0.00150381800457 0.288018872416
0.661880070381
0 0 0

00000074.jpg
/home/evan/UAV_Photogrammetry_toolkit/output_dir/Final/3660.jpg
1173.21508789
487 274
-16.5729956479 -0.259475443632 10.9738465293
15.1350009651 0.78264317688 12.8636994698
-0.00185936393806 1.28915856923 -0.0284056992089
0.799258969005 -0.000866598586552 0.600841487282 -0.0132391181095
0.277629829158 0.020121316429 0.960479536514
-0.0222046191339 0.999651279373 -0.0145236506688
-0.960432254128 -0.0172941974401 0.27797848961
0.667659884641
0 0 0

00000075.jpg
/home/evan/UAV_Photogrammetry_toolkit/output_dir/Final/3690.jpg
1181.77282715
487 274
-16.4167862877 -0.0966225055512 11.0453248864
15.1351994324 0.748785022123 12.7233405064
0.0140192029806 1.29138483761 -0.0346769948585
0.798520838641 0.00653219186126 0.601715628032 -0.0161576078113
0.27535624327 0.0336652237693 0.960754497561
-0.0179435223903 0.999393188412 -0.0298765371451
-0.961175374117 -0.0090121718522 0.275792687295
0.709857698683
0 0 0

00000076.jpg
/home/evan/UAV_Photogrammetry_toolkit/output_dir/Final/3600.jpg
1175.41577148
487 274
-17.9967840198 -0.04715434169 8.83300762603
15.1688276689 0.635462395026 13.092390143
0.00727484726477 1.16829058971 -0.0304096565045
0.834068926562 0.00343391820855 0.551463719151 -0.0143541533431
0.391364401611 0.027731953311 0.9198184679
-0.0201574597715 0.999566357746 -0.0215596581977
-0.92001654118 -0.0101031603013 0.39175313767
0.700044527976
0 0 0

00000077.jpg
/home/evan/UAV_Photogrammetry_toolkit/output_dir/Final/4560.jpg
1201.93151855
487 274
-15.3460049147 -0.621461206167 7.43247142796
14.2794362082 0.643521824939 9.31719231711
0.00784545846562 1.02942669239 -0.000856038362532
0.870427019862 0.00375179209007 0.492284158885 -0.000409367785377
0.515314522514 0.00440620957445 0.85699299741
0.00298091044864 0.999972657183 -0.00693435763346
-0.856996735964 0.00612828719893 0.515285607926
0.760575946575
0 0 0

00000078.jpg
/home/evan/UAV_Photogrammetry_toolkit/output_dir/Final/3570.jpg
1177.55529785
487 274
-18.5942734363 -0.415682367133 7.72276778122
15.2149271598 0.585043372507 13.1804403117
-0.019244144574 1.10698509151 -0.0120798985876
0.850633059891 -0.00913805075548 0.525650070487 -0.0057361201996
0.447319010975 0.000151503132496 0.894375176584
-0.0193658307767 0.99976955562 0.00951588234334
-0.894166134976 -0.021576629959 0.447217843724
0.7160497871
0 0 0

00000079.jpg
/home/evan/UAV_Photogrammetry_toolkit/output_dir/Final/1260.jpg
1186.62841797
487 274
-4.7081878531 -1.43880945536 -5.09294879299
3.49706362674 2.4970827002 5.63119715339
0.0109373424983 0.135600204123 -0.241997566049
0.990382030877 0.0054511274778 0.067582595937 -0.120610612866
0.96177103654 0.23963787459 0.132550456445
-0.238164460273 0.970848583449 -0.0270996506635
-0.135179898019 -0.0055048558554 0.990806648348
0.653558287253
0 0 0

00000080.jpg
/home/evan/UAV_Photogrammetry_toolkit/output_dir/Final/1290.jpg
1165.44750977
487 274
-4.58493134342 -1.28131108363 -5.54688215636
3.80582291945 2.44378601321 5.7423600973
-0.0153630506774 0.0394284430699 -0.295693264993
0.988868099399 -0.00765300080383 0.0196410148508 -0.147297619607
0.955835856528 0.291015470596 0.041099790459
-0.291616197992 0.956492059592 0.00934960116379
-0.036589701644 -0.0209216322746 0.999112555918
0.397504956646
0 0 0

00000081.jpg
/home/evan/UAV_Photogrammetry_toolkit/output_dir/Final/1320.jpg
1142.64538574
487 274
-5.10017876582 -2.06697844884 -5.51064968599
4.59766815092 2.34073486277 5.83384209186
-0.00204227140422 0.0656824630853 -0.0588106106144
0.999028502724 -0.00102080500384 0.032830595798 -0.029395782299
0.996117498585 0.0586677135898 0.0656575031435
-0.0588011839165 0.998270962578 0.000109556406316
-0.065537300711 -0.00396969677191 0.997843335856
0.400974465402
0 0 0

00000082.jpg
/home/evan/UAV_Photogrammetry_toolkit/output_dir/Final/3540.jpg
1177.70373535
487 274
-19.2128664307 -0.813148250921 6.24944610164
15.2821610223 0.662546893069 13.2237524713
0.0109366874512 1.02821902211 0.0101597736755
0.870704836162 0.00523057033432 0.491755107592 0.00485900424857
0.516306922639 -0.00331753349197 0.856396771497
0.0136055005007 0.999900376961 -0.0043296399247
-0.856297430053 0.0138874916192 0.516300347261
0.671464227543
0 0 0

00000083.jpg
/home/evan/UAV_Photogrammetry_toolkit/output_dir/Final/3510.jpg
1158.4029541
487 274
-20.110369867 -0.80450528592 -2.45221486542
15.2389168333 0.647011501137 13.3582512411
-0.010759052025 0.598092346614 0.0038307961255
0.955602387544 -0.0052996751425 0.294607288347 0.00188696689588
0.826407361281 -0.00672869032397 0.563035551754
0.000484069959727 0.999938977641 0.0112407352117
-0.563074160774 -0.00901679366583 0.826357353399
0.521843865813
0 0 0

00000084.jpg
/home/evan/UAV_Photogrammetry_toolkit/output_dir/Final/6060.jpg
1120.84985352
487 274
4.74711180838 -0.0493402055197 -6.50390200997
1.14347173854 0.55652440729 7.95115632613
0.0695970570899 -0.774070070133 -0.0120036246974
0.925424852557 0.0339291145822 -0.37736526805 -0.00585186177101
0.715124012247 -0.0147760396391 -0.698843344455
-0.0364378729056 0.997631099293 -0.058381467272
0.698049445724 0.0672139161666 0.712889519377
0.580843358796
0 0 0

00000085.jpg
/home/evan/UAV_Photogrammetry_toolkit/output_dir/Final/780.jpg
1151.01293945
487 274
-0.0028616124974 -2.32393299646 -8.01446688302
1.62852466232 2.54870004707 7.77716178237
0.0173847264315 -0.23734560285 -0.105719788334
0.991535985381 0.0086678252532 -0.118337796009 -0.0527106742056
0.966436968705 0.102477681302 -0.235585904993
-0.106580439852 0.994294618902 -0.00471339953317
0.2337588277 0.029664443081 0.971842853615
0.55166038541
0 0 0

00000086.jpg
/home/evan/UAV_Photogrammetry_toolkit/output_dir/Final/6210.jpg
1063.35742188
487 274
6.15602437626 -0.610536712597 -5.91034747991
0.484024067329 0.682906887916 8.51473938348
0.0567598960408 -0.871071984481 -0.120507319521
0.904497056794 0.0274706048909 -0.421580657934 -0.0583230272061
0.63773762877 0.082344335253 -0.765841202797
-0.128667690552 0.99169063578 -0.000518793840299
0.759432654415 0.0988695312482 0.643031438448
0.503056606312
0 0 0

00000087.jpg
/home/evan/UAV_Photogrammetry_toolkit/output_dir/Final/990.jpg
1129.22619629
487 274
-2.48552348481 -1.34537954227 -7.76579677746
4.03949348531 2.12504871541 6.88926266626
0.0845525349819 -0.222375958167 -0.0479026644657
0.992647666383 0.042172606876 -0.110915348244 -0.0238926040155
0.974255236157 0.0380790198642 -0.222214486669
-0.056788730615 0.995302894269 -0.0784249220065
0.218184959734 0.0890252371967 0.971839427879
0.568961976657
0 0 0

00000088.jpg
/home/evan/UAV_Photogrammetry_toolkit/output_dir/Final/4290.jpg
910.032348633
487 274
-7.03644506303 0.883779781042 10.7359447247
9.27399952112 -0.208155947699 8.91641985479
0.103525146314 1.75024223484 -0.0719573089644
0.639162294252 0.0453723424716 0.767085031173 -0.031536991561
-0.178827126501 0.109922912652 0.977720766697
0.0292938891324 0.99389468418 -0.106384201325
-0.983446546947 0.00961696071412 -0.180953804106
0.207507694738
0 0 0

00000089.jpg
/home/evan/UAV_Photogrammetry_toolkit/output_dir/Final/690.jpg
1164.78295898
487 274
2.43049736797 -1.57972064421 -7.09788249902
0.894532234246 2.12454710952 7.31223449522
0.0670581623074 -0.436188132225 0.068475634605
0.975173383938 0.0332511479652 -0.216286215223 0.0339540091753
0.904136650333 -0.0806050453723 -0.419574554359
0.0518391387306 0.995485587443 -0.0795389103192
0.424091687234 0.0501636276051 0.904230277189
0.665169970049
0 0 0

00000090.jpg
/home/evan/UAV_Photogrammetry_toolkit/output_dir/Final/750.jpg
1163.80053711
487 274
0.902828436686 -2.5773086306 -7.8005768151
0.946292645115 2.57500044163 7.79616979805
-0.00110097360602 -0.329339386358 -0.290750824346
0.975972054578 -0.000546070677371 -0.163348676852 -0.144209178792
0.90504204119 0.281666762091 -0.318689198019
-0.28130975197 0.958407980095 0.0481786592144
0.319005777022 0.0460468603307 0.946635783987
0.634558856452
0 0 0

00000091.jpg
/home/evan/UAV_Photogrammetry_toolkit/output_dir/Final/720.jpg
1165.4588623
487 274
1.9216244564 -2.53917070644 -7.40516283584
0.749962771667 2.48363515046 7.63186073061
0.00762156340697 -0.412969182571 -0.190960811924
0.974228681407 0.00377798882201 -0.204707731508 -0.0946587693847
0.898270039386 0.182891886975 -0.39957886703
-0.18598526535 0.982052877738 0.0313936133313
0.398149706334 0.046116113605 0.916163177578
0.663956864013
0 0 0

00000092.jpg
/home/evan/UAV_Photogrammetry_toolkit/output_dir/Final/3450.jpg
1173.421875
487 274
-18.3421430651 -0.72569065681 8.42133866865
15.2313455105 1.03833299783 13.2215019856
-0.0187936862292 1.14434636685 -0.0192321080614
0.840640883932 -0.0088921709356 0.541443726339 -0.00909960878609
0.413510990396 0.00566968677188 0.910481070021
-0.0249283259216 0.999678190511 0.00509652757859
-0.910157860815 -0.0248039621629 0.413519202046
0.698304093471
0 0 0

00000093.jpg
/home/evan/UAV_Photogrammetry_toolkit/output_dir/Final/3420.jpg
1208.76940918
487 274
-15.1690390702 -0.11232028031 13.3450703912
15.2660407247 1.29083746695 13.1713840367
0.00231096231128 1.43303523314 -0.0636991556394
0.753631918562 0.00105893240626 0.656647423575 -0.0291883168447
0.135923557231 0.0453848443743 0.989678838319
-0.0426041445188 0.998294816932 -0.0399289448796
-0.98980299227 -0.0367367638358 0.137625900538
0.760951657966
0 0 0

00000094.jpg
/home/evan/UAV_Photogrammetry_toolkit/output_dir/Final/3390.jpg
1204.80444336
487 274
-13.6334376059 -1.50989330297 14.9729829991
15.3624273252 1.45374041762 13.1992927086
-0.0572084753793 1.53781735733 0.00657599595095
0.718295884977 -0.0258641096028 0.695251471314 0.00297302591784
0.0332363410409 -0.0402351201818 0.998639733472
-0.0316930710509 0.998645168089 0.0412904669989
-0.998945350003 -0.0330218669862 0.0319144043706
0.674905409686
0 0 0

00000095.jpg
/home/evan/UAV_Photogrammetry_toolkit/output_dir/Final/3360.jpg
1154.06958008
487 274
-16.9713197545 -2.41354140381 10.8862189325
15.3538779694 1.51902078885 13.2027060055
-0.0371091132646 1.27713857418 0.0449335514289
0.802553546548 -0.0173165002105 0.59596062646 0.0209676757089
0.288782550593 -0.0542954483218 0.955854324294
0.0130152816904 0.9985233274 0.0527868047833
-0.957306933181 -0.00280286984776 0.289062902316
0.517260626214
0 0 0

00000096.jpg
/home/evan/UAV_Photogrammetry_toolkit/output_dir/Final/3480.jpg
1178.57849121
487 274
-20.1552257258 -0.823660154423 2.03854196351
15.3242738025 0.815636005536 13.2501925614
-0.000873051692729 0.81370928806 0.000151543465886
0.918370378829 -0.000424582105787 0.39572273429 7.36985500399e-05
0.686808224733 -0.000471598117277 0.726840236324
-0.000200867856 1.00000020803 0.00083788467099
-0.726839913281 -0.000721809846353 0.686808178078
0.690814488041
0 0 0

00000097.jpg
/home/evan/UAV_Photogrammetry_toolkit/output_dir/Final/6450.jpg
804.815612793
487 274
6.66630668553 -2.20806196654 -6.77246615384
1.92266375582 1.60048486682 9.42990324626
-0.0463104543252 -0.989521944614 -0.0765592147737
0.879122357508 -0.0222145008622 -0.474660342078 -0.0367244236184
0.54669862381 0.0856589994534 -0.832937522485
-0.0434820480247 0.996316373916 0.0739216540277
0.836200553287 -0.00419540344756 0.548409480152
0.321844373643
0 0 0

00000098.jpg
/home/evan/UAV_Photogrammetry_toolkit/output_dir/Final/6240.jpg
851.68536377
487 274
6.37613151924 -0.580310131484 -6.50826255522
1.20598478286 0.777170901726 9.01611871966
0.0539384999799 -0.914757099508 -0.0912666493464
0.895858128901 0.026026374188 -0.441388072931 -0.0440379314897
0.606477369063 0.055927837746 -0.793135018285
-0.101879117874 0.994768260872 -0.00775612557393
0.788549354256 0.0855076299545 0.609001518536
0.327423972477
0 0 0

00000099.jpg
/home/evan/UAV_Photogrammetry_toolkit/output_dir/Final/660.jpg
1074.27453613
487 274
4.33969310073 -1.40449392276 -6.29817302399
1.10467077872 1.83634716467 7.47529055954
0.053990145258 -0.747410685586 0.0244918280734
0.930552088885 0.0263672133298 -0.365013594567 0.0119610949843
0.733244444325 -0.0415096555275 -0.678697454418
0.00301203216459 0.998323756863 -0.0578040917674
0.679959197165 0.040340170001 0.732140559323
0.587202558751
0 0 0

00000100.jpg
/home/evan/UAV_Photogrammetry_toolkit/output_dir/Final/6420.jpg
1064.12158203
487 274
6.14705170674 -1.30811927229 -5.79735025874
1.24542257641 1.55374699234 8.3151318852
0.04127639722 -0.969461485756 -0.0266111954655
0.88451143478 0.0198374152387 -0.465922690598 -0.0127893268309
0.565506054951 0.00413911435753 -0.824734585793
-0.0411101089428 0.998890486289 -0.0231751415765
0.823721204438 0.0470105408841 0.56504537179
0.620986955852
0 0 0

00000101.jpg
/home/evan/UAV_Photogrammetry_toolkit/output_dir/Final/6390.jpg
1147.3046875
487 274
5.55555942158 -0.00294915914554 -5.47229692676
0.913036640442 1.23896477737 7.6447015211
0.193556371405 -0.917778039151 -0.0541568948494
0.891675667375 0.0932577991105 -0.442196551743 -0.0260934464913
0.607565036154 -0.0359423504123 -0.793459004007
-0.129009915669 0.981245322346 -0.14323495171
0.783724617537 0.189387889329 0.591531624656
0.699718297927
0 0 0

00000102.jpg
/home/evan/UAV_Photogrammetry_toolkit/output_dir/Final/630.jpg
1167.27734375
487 274
4.65301928917 -0.87929508144 -5.45587911114
0.680205108302 1.56834722862 7.0191065656
0.105048668764 -0.807690788011 -0.00236943256655
0.918214948172 0.0510844694163 -0.392774661913 -0.00115223930874
0.691455537105 -0.0380130205362 -0.72142133973
-0.0422450339649 0.99478161751 -0.0929082095375
0.721184923596 0.0947178842125 0.686237609567
0.759399136006
0 0 0

00000103.jpg
/home/evan/UAV_Photogrammetry_toolkit/output_dir/Final/6360.jpg
1378.45715332
487 274
5.27148076147 0.218270904873 -4.50753752178
0.053427990892 0.79877026139 6.89297308627
0.204051844235 -0.874223259379 -0.0827675484034
0.900114966657 0.09860579255 -0.422458702493 -0.0399965005871
0.639859347151 -0.0113107166737 -0.768410442118
-0.155316511843 0.977356516116 -0.14371969296
0.752635161515 0.211306505733 0.623611949533
1.04249270095
0 0 0

00000104.jpg
/home/evan/UAV_Photogrammetry_toolkit/output_dir/Final/6330.jpg
1308.91552734
487 274
5.8692594045 -0.582156276952 -4.44611141438
-0.0456010863753 0.994647542096 7.31869416664
0.1285624943 -0.931585757757 -0.126864503525
0.889537413987 0.0618964514524 -0.448512242569 -0.0610789532842
0.59021469799 0.0531413958834 -0.80549915021
-0.16418666073 0.984879028218 -0.055329312662
0.790374531374 0.164907524778 0.590013517322
0.911938749731
0 0 0

00000105.jpg
/home/evan/UAV_Photogrammetry_toolkit/output_dir/Final/6300.jpg
801.57409668
487 274
6.20648421837 -2.20259764025 -6.50199478099
1.38260032139 1.65740405815 8.99940696472
-0.0206811792319 -0.939705564527 -0.142294520965
0.88914596693 -0.00995558994974 -0.452359276472 -0.0684983137055
0.581359322935 0.130816581973 -0.803062664826
-0.112803415518 0.990419723216 0.079675695641
0.805791040288 0.0442678050321 0.590543155882
0.348587092988
0 0 0

00000106.jpg
/home/evan/UAV_Photogrammetry_toolkit/output_dir/Final/360.jpg
1146.9642334
487 274
7.21750220048 -3.367682199 -3.69339100257
-1.43862978889 1.96927115871 8.43366960681
-0.0253938327156 -0.983453888429 -0.259164968617
0.873392230851 -0.0121564089403 -0.470794140275 -0.124066161134
0.525921761513 0.228162794213 -0.819359806591
-0.205270890769 0.968922533614 0.138054042256
0.825391971194 0.0955847897622 0.556411660514
0.552718427338
0 0 0

00000107.jpg
/home/evan/UAV_Photogrammetry_toolkit/output_dir/Final/6480.jpg
2261.60766602
487 274
6.40400105174 -1.29677123172 -1.95035620776
-2.61056299302 1.15323731461 6.19286624196
0.097287165722 -0.901235112937 -0.117479356964
0.897369563985 0.0469678056704 -0.43509372828 -0.0567160896016
0.61495449829 0.0609198438365 -0.786207620671
-0.14266132655 0.989157227874 -0.0349415221738
0.775551856285 0.133648395009 0.616976811303
2.60400350266
0 0 0

00000108.jpg
/home/evan/UAV_Photogrammetry_toolkit/output_dir/Final/330.jpg
965.947143555
487 274
7.99846938945 -2.25181724671 -4.78317145222
-0.621384773039 2.28781666276 9.29001825433
0.0512002370569 -0.985811546525 -0.075931815276
0.87995584881 0.0245672956432 -0.47301975741 -0.0364341937038
0.549850964149 0.040879121586 -0.834263625348
-0.0873628057993 0.996139955138 -0.00876793307813
0.830682383194 0.0777046088846 0.551298264134
0.457295681735
0 0 0

00000109.jpg
/home/evan/UAV_Photogrammetry_toolkit/output_dir/Final/300.jpg
1053.91174316
487 274
8.02545880198 -1.73864195676 -4.60975605011
-1.05018988291 2.31356837606 9.06779615643
0.107541787261 -0.953676273918 -0.0452748907567
0.886813443794 0.0517264438784 -0.45870803822 -0.0217767358669
0.578227371507 -0.00883091093451 -0.81582991308
-0.0860785194494 0.993700398425 -0.0717650286081
0.811323907199 0.111721794716 0.573824566442
0.531364134572
0 0 0

00000110.jpg
/home/evan/UAV_Photogrammetry_toolkit/output_dir/Final/270.jpg
989.459777832
487 274
7.95246767658 -2.29208410902 -5.09754161784
-0.724325651405 2.65114613246 9.32343735391
0.0846182362191 -0.947371357443 -0.0642362538652
0.888535864473 0.0407251326668 -0.455951647546 -0.030915675835
0.582307057676 0.0178017023084 -0.812777773292
-0.0920770447069 0.994775271766 -0.044179443175
0.807739791951 0.100563520665 0.580901600381
0.477374794091
0 0 0

00000111.jpg
/home/evan/UAV_Photogrammetry_toolkit/output_dir/Final/6630.jpg
1006.39154053
487 274
8.24219539193 -1.53077832919 -5.8461698804
0.765784463966 2.16852767493 9.95818993701
0.0675052500204 -1.0332977592 0.0123789195978
0.868917295955 0.0322645227045 -0.493870610097 0.00591657585597
0.512116325503 -0.0421510507942 -0.85788285337
-0.0215869904179 0.997848718769 -0.0619141887092
0.85864800694 0.0502266185854 0.510104024565
0.522159276312
0 0 0

00000112.jpg
/home/evan/UAV_Photogrammetry_toolkit/output_dir/Final/6600.jpg
1143.45202637
487 274
7.82890138288 -3.21185777583 -5.2434507745
0.271896274113 2.25908421846 9.69142052039
-0.0112480621802 -1.05373975712 -0.205227639363
0.85935096751 -0.00535780068848 -0.501928910573 -0.0977562863595
0.477024567484 0.17339226383 -0.861618819933
-0.162635573223 0.980831655466 0.107342000712
0.863713559755 0.0889250758908 0.496080118494
0.659508413618
0 0 0

00000113.jpg
/home/evan/UAV_Photogrammetry_toolkit/output_dir/Final/6510.jpg
1041.7746582
487 274
6.33272118911 -4.59743478849 -6.31652472625
0.625715729048 2.36650438908 9.75426801828
-0.115884179862 -0.953851698127 -0.384436415783
0.869080050403 -0.0553907116827 -0.455925256251 -0.183754216428
0.516735438103 0.369901888282 -0.772115868512
-0.26888660642 0.926333932018 0.263834051592
0.81282631022 0.0712782015883 0.578131165916
0.559079087911
0 0 0

00000114.jpg
/home/evan/UAV_Photogrammetry_toolkit/output_dir/Final/6690.jpg
1471.2052002
487 274
8.77068113532 -0.646645411115 -4.62864968951
-0.908380617405 2.15376361608 9.65935170311
0.123906977705 -0.987218950452 0.102105289691
0.877537642598 0.0594032260462 -0.473290459964 0.0489511060343
0.547202255932 -0.142143041627 -0.824845284216
0.0296827111405 0.988149858972 -0.150593191718
0.836475493789 0.0579210760709 0.544937141803
1.11053788271
0 0 0

00000115.jpg
/home/evan/UAV_Photogrammetry_toolkit/output_dir/Final/6540.jpg
1050.27697754
487 274
7.48124473253 -3.05877564637 -6.0190638035
0.725288250085 2.4291434854 9.75330661601
-0.0567200093403 -0.970744218081 -0.0390252394674
0.883933041145 -0.0272540514488 -0.466444085092 -0.0187516873959
0.564160011938 0.0585753796732 -0.823588520134
-0.00772556459277 0.997813530265 0.0656748214861
0.825632834504 -0.0306882048364 0.563376942706
0.617625494959
0 0 0

00000116.jpg
/home/evan/UAV_Photogrammetry_toolkit/output_dir/Final/810.jpg
1116.86572266
487 274
0.404772036781 -2.92723655508 -8.02082354451
2.33566333243 2.52250406581 7.82608967744
-0.0786666530325 -0.419718150945 -0.234734878682
0.970465421245 -0.0389453275819 -0.207788945513 -0.116209682156
0.886639066115 0.24173971486 -0.394252038167
-0.209370197725 0.969958648824 0.123884373096
0.412355907981 -0.0272960018534 0.910614820391
0.555485920657
0 0 0

00000117.jpg
/home/evan/UAV_Photogrammetry_toolkit/output_dir/Final/210.jpg
923.370239258
487 274
7.93161138918 -2.70000116056 -5.53641728658
-0.353904229231 3.20166310889 9.51189253359
0.0949439989689 -0.952527691902 -0.0607747798348
0.88718598986 0.0456730308519 -0.458215654828 -0.0292358487588
0.578370202832 0.0100189195879 -0.815715790119
-0.0937316220941 0.994118732666 -0.0542483136054
0.810374247072 0.10783357874 0.57590698692
0.397750984621
0 0 0

00000118.jpg
/home/evan/UAV_Photogrammetry_toolkit/output_dir/Final/150.jpg
1063.72192383
487 274
7.75635848526 -2.8766529176 -5.28042413844
-0.868903467284 3.26515015234 9.21425882632
0.0913796940015 -0.912074293302 -0.0699150257985
0.896207581557 0.0440978765167 -0.440147452884 -0.0337394889315
0.61026616282 0.0216559333527 -0.791903734423
-0.0992944097603 0.993833771665 -0.0493410092815
0.785950202688 0.108742395778 0.608652182475
0.550181087497
0 0 0

00000119.jpg
/home/evan/UAV_Photogrammetry_toolkit/output_dir/Final/180.jpg
2336.78466797
487 274
6.71008488687 -3.41277811074 1.24939891267
-5.42776061722 3.55929112579 4.0129713497
-0.000116289534704 -0.81808936318 0.0228058972867
0.917438549104 -5.65356100856e-05 -0.397724364187 0.0110873718768
0.683386715946 -0.0202990061396 -0.729777278757
0.0203889233326 0.999755157649 -0.00871557549416
0.729773375735 -0.00892304728652 0.683632091932
2.24931407831
0 0 0

00000120.jpg
/home/evan/UAV_Photogrammetry_toolkit/output_dir/Final/6720.jpg
1098.72485352
487 274
9.81014664784 -1.44128238836 -5.67634373041
-0.109505257657 2.41050012658 11.1675591338
0.0669599783058 -1.03222694839 0.0639015156097
0.868720384735 0.0320016690825 -0.493324311866 0.0305399614539
0.511399004415 -0.0846355236023 -0.855167339016
0.0214872246537 0.99608634662 -0.0857332296809
0.859076204998 0.0254687794292 0.51121507638
0.601145218173
0 0 0

00000121.jpg
/home/evan/UAV_Photogrammetry_toolkit/output_dir/Final/90.jpg
2122.92260742
487 274
6.52517252467 -2.65958076183 -0.571515331143
-4.24042163168 2.3959632081 5.1240547223
0.0865188442451 -0.835461930298 -0.0917977856133
0.912081183123 0.041984059108 -0.405415529648 -0.044545713605
0.667309485149 0.047216508178 -0.743284014639
-0.115300720493 0.992507221086 -0.0404667210306
0.73580348911 0.112704760184 0.667751632191
2.02084450174
0 0 0

00000122.jpg
/home/evan/UAV_Photogrammetry_toolkit/output_dir/Final/840.jpg
1022.40826416
487 274
-0.0132940438866 -2.64890634785 -8.36226511104
3.20744519072 2.62641392451 7.73037061498
-0.0152079318197 -0.411612329388 -0.0622285494765
0.978387712993 -0.0075491068755 -0.204321370102 -0.0308897998935
0.914597657353 0.0635291929681 -0.399344601238
-0.0573596097223 0.997981499718 0.0273947596411
0.4002774708 -0.00214905400316 0.916390910676
0.464807090009
0 0 0

00000123.jpg
/home/evan/UAV_Photogrammetry_toolkit/output_dir/Final/60.jpg
5849.63183594
487 274
6.28134366495 -4.30107909586 19.3012408518
-17.6498379042 7.02440236014 -8.34462109504
-0.0837807517371 -0.822223505479 0.11743826936
0.914149782039 -0.0406846049005 -0.399278327858 0.0570289653654
0.674649222505 -0.0717771161476 -0.734640558115
0.136754948887 0.990185908129 0.0288428259346
0.725360227424 -0.119924464874 0.677844165376
14.5809544764
0 0 0

00000124.jpg
/home/evan/UAV_Photogrammetry_toolkit/output_dir/Final/390.jpg
1084.26794434
487 274
7.30794212784 -0.443619181101 -2.89409784146
-0.504659455753 1.89779254008 7.62379771797
0.115046669928 -1.11294655782 0.176697515939
0.84385382803 0.0544969344478 -0.52719627299 0.0837005795065
0.430117076273 -0.198722972453 -0.880629936932
0.0838012452461 0.980051398343 -0.18022828144
0.89887643541 0.00372150555913 0.438188657706
0.546669622277
0 0 0

00000125.jpg
/home/evan/UAV_Photogrammetry_toolkit/output_dir/Final/450.jpg
1081.64929199
487 274
7.4123689085 -1.62975168442 -2.16104157261
-0.498610447439 1.89513265257 7.64388982871
0.0853684137195 -1.24052112035 -0.047603241808
0.812608741742 0.0399831052638 -0.58100981822 -0.0222954292482
0.323862673955 -0.0102263452576 -0.946050698919
-0.0826961880894 0.995810026596 -0.0390735087478
0.942483930377 0.0908889746898 0.321659168074
0.635284513193
0 0 0

00000126.jpg
/home/evan/UAV_Photogrammetry_toolkit/output_dir/Final/6840.jpg
2268.63110352
487 274
9.4854263433 -1.96846128491 -2.36852978272
-3.11227862612 1.62175281595 9.33495689031
0.054603008631 -1.0222574024 -0.100828450285
0.870621324405 0.0261136122053 -0.48888942294 -0.048220695453
0.517326145563 0.0584308295233 -0.853793294785
-0.109497033433 0.993987640649 0.00167903859485
0.848756932765 0.0926193091676 0.520612175823
2.42308918654
0 0 0

00000127.jpg
/home/evan/UAV_Photogrammetry_toolkit/output_dir/Final/6870.jpg
1384.39770508
487 274
9.58056390761 -0.361923505639 -5.35729990194
-0.445047865111 2.1503288858 10.7608843168
0.110118560137 -1.00929128448 0.147870664119
0.871278384505 0.0526759200969 -0.482800964615 0.070734881369
0.523800957347 -0.174123386787 -0.833855712718
0.0723957058819 0.984444539461 -0.160092462567
0.848760465232 0.0234890996901 0.528258596417
0.912328464565
0 0 0

00000128.jpg
/home/evan/UAV_Photogrammetry_toolkit/output_dir/Final/6810.jpg
1439.87353516
487 274
9.91574921779 -2.6253055347 -4.75653747693
-1.10729236047 2.11917109887 11.0508773778
0.0167550048464 -1.04268863554 -0.107290595541
0.865742863976 0.00799912171185 -0.49779712866 -0.0512223386467
0.499147919076 0.0807268531826 -0.862747836981
-0.0966546434557 0.994625843985 0.0371462128838
0.861109410398 0.0648469430442 0.504269063039
0.966909497205
0 0 0

00000129.jpg
/home/evan/UAV_Photogrammetry_toolkit/output_dir/Final/6900.jpg
1402.86499023
487 274
9.96426556406 -0.0449095344933 -5.18245723341
-0.65222291469 1.97840224623 11.036610301
0.100071481202 -1.02052741814 0.177876335341
0.867636671738 0.0478079875202 -0.487545117597 0.0849783526535
0.510157231503 -0.194077870424 -0.837899045137
0.10084346984 0.980987299692 -0.165821341064
0.854149047478 9.85116341492e-05 0.520029045381
0.902717182517
0 0 0

00000130.jpg
/home/evan/UAV_Photogrammetry_toolkit/output_dir/Final/6750.jpg
1061.8581543
487 274
8.74957558565 -6.47643478987 -5.42878127876
-0.312899727323 2.24374308011 11.9514842238
-0.198574279464 -1.07707007083 -0.442084588009
0.830640832267 -0.0936160999986 -0.507775225113 -0.20841689624
0.397455284106 0.441311200626 -0.804536131929
-0.251167135977 0.895598587934 0.367180464376
0.882579210441 0.0561350435098 0.466802896875
0.496160859795
0 0 0

00000131.jpg
/home/evan/UAV_Photogrammetry_toolkit/output_dir/Final/6780.jpg
1512.94226074
487 274
10.3801203582 -1.32143801098 -4.43400823475
-1.52154028457 2.23405420286 11.0384535441
0.0616527843684 -1.02804047961 0.0593620561923
0.869899525443 0.0294775803316 -0.491529233147 0.028382331763
0.515186836263 -0.0783576229819 -0.853488001574
0.0204014847446 0.996652738727 -0.0791865041943
0.856836185048 0.0233836283724 0.515061162475
0.990545360299
0 0 0

00000132.jpg
/home/evan/UAV_Photogrammetry_toolkit/output_dir/Final/120.jpg
2130.48657227
487 274
5.06558972614 -5.5210840636 -1.27534300602
-3.87882582194 4.50124253274 4.73945852218
-0.15249641825 -0.579482302371 -0.118356775346
0.953728701496 -0.0750685062566 -0.285258311903 -0.0582627869728
0.830467740864 0.153961624487 -0.535370994233
-0.0683059441736 0.981940945954 0.176430039227
0.552865163377 -0.109949916755 0.825985057412
0.716669674726
0 0 0

00000133.jpg
/home/evan/UAV_Photogrammetry_toolkit/output_dir/Final/6270.jpg
1154.19714355
487 274
5.11368951537 0.641436042299 -5.70982038607
0.308370779091 1.14161332727 7.60031920646
0.302587790953 -0.771462650624 -0.140224426561
0.912995092038 0.146880132764 -0.374478217344 -0.0680667991434
0.710267767015 0.0142825892978 -0.703788931627
-0.234296024897 0.947587127452 -0.217222993294
0.663798166416 0.319180368032 0.676385257873
0.48492535131
0 0 0

00000134.jpg
/home/evan/UAV_Photogrammetry_toolkit/output_dir/Final/480.jpg
1086.29602051
487 274
7.45832052568 -1.74531135238 -1.93002687103
-0.497783476331 1.9026360318 7.65046968184
0.0654434828987 -1.26888809877 -0.0447325173069
0.804668182285 0.0305620917419 -0.592570455714 -0.0208900754854
0.296849025407 -0.00260144616713 -0.954922336075
-0.0698397624417 0.997261452619 -0.0244271669581
0.952368029827 0.0739422042771 0.295853056304
0.668793068618
0 0 0

00000135.jpg
/home/evan/UAV_Photogrammetry_toolkit/output_dir/Final/6180.jpg
1547.78894043
487 274
5.35892282301 -0.398861824401 -4.29234987513
-0.693136104879 0.0531408873731 6.84237725532
0.0500652988616 -0.798169630479 -0.199816732916
0.916257169714 0.0243299001632 -0.38788118446 -0.0971036081539
0.680238409249 0.159069731235 -0.715522974782
-0.196817777469 0.979957691901 0.0307443579284
0.706072690254 0.11991413978 0.69791270306
1.23991705598
0 0 0

00000136.jpg
/home/evan/UAV_Photogrammetry_toolkit/output_dir/Final/6930.jpg
1705.74499512
487 274
10.3246634483 -1.17136661364 -4.22796598395
-1.90224632539 1.71319578584 10.9221324309
0.0642008525572 -1.01423075263 0.00131660212073
0.873655449799 0.0307367781588 -0.485572767397 0.000630335979921
0.52843624693 -0.0309511233466 -0.848407787029
-0.0287483374903 0.998110585157 -0.0543189398001
0.848485391012 0.0530944751907 0.526548547767
1.46594282444
0 0 0

00000137.jpg
/home/evan/UAV_Photogrammetry_toolkit/output_dir/Final/1140.jpg
1088.92285156
487 274
-0.488745022171 -1.63043964567 -7.24479424433
3.15768419503 1.87168841701 6.47379036411
-0.0448944812705 -0.455435199218 -0.297919461818
0.962957107587 -0.0221693798097 -0.224898821068 -0.147115848426
0.855554700028 0.293304039506 -0.426612563917
-0.273360968017 0.955732107857 0.108868915771
0.439659109025 0.0234762683368 0.897858756326
0.618442565852
0 0 0

00000138.jpg
/home/evan/UAV_Photogrammetry_toolkit/output_dir/Final/1110.jpg
1079.33081055
487 274
0.02903216033 -1.44040930193 -7.40878460213
3.28630243443 1.71213115063 6.57529546224
0.0194716055958 -0.482660634108 -0.0798992025511
0.970183978529 0.00963884811635 -0.238927012003 -0.0395517603423
0.882699734973 0.0721388656347 -0.464368736706
-0.0813510711923 0.996685997053 0.000197159547338
0.462843899625 0.0376029836032 0.885642076753
0.631564945474
0 0 0

00000139.jpg
/home/evan/UAV_Photogrammetry_toolkit/output_dir/Final/1170.jpg
1036.33959961
487 274
-0.754511464397 -2.00155046762 -7.33941906692
3.5799971895 2.18811997695 6.39047224397
0.0307388330138 -0.402181671181 0.0124524424191
0.979713025108 0.015265342269 -0.199729145936 0.00618406025785
0.920140257484 -0.0182151199038 -0.391165333041
0.00601929762685 0.999458217215 -0.0323815023809
0.391543650026 0.0274411162338 0.919751971567
0.475916973963
0 0 0

00000140.jpg
/home/evan/UAV_Photogrammetry_toolkit/output_dir/Final/6090.jpg
595.077392578
487 274
6.12616412647 -0.125767678684 -7.91932846798
2.38591908904 1.30258147629 9.63701041499
0.115445696868 -0.898711242727 0.0436242393436
0.898887563359 0.0557639090063 -0.434105846489 0.0210718820989
0.622215875661 -0.0862973245294 -0.778074448655
-0.0105323135084 0.992893577328 -0.118545877406
0.782774937707 0.0819560597543 0.616885953254
0.122424739704
0 0 0

00000141.jpg
/home/evan/UAV_Photogrammetry_toolkit/output_dir/Final/6120.jpg
1757.34484863
487 274
4.91593359406 -0.184569512369 -3.42932392348
-0.834594044953 0.140497887859 5.93670430788
0.12255736617 -0.824484581064 -0.213982340813
0.908846614691 0.0594051959416 -0.399638713034 -0.103720104971
0.659062045084 0.141049995153 -0.738743473641
-0.236012669959 0.971426955702 -0.0250793511476
0.714097692121 0.190881493759 0.673519675357
1.20999493576
0 0 0

00000142.jpg
/home/evan/UAV_Photogrammetry_toolkit/output_dir/Final/1200.jpg
1075.0645752
487 274
-0.930044755709 -2.7548360874 -7.01098519339
3.76789164658 2.50195338312 6.09516774645
-0.0208319980723 -0.407682028784 0.0480192816412
0.978956478109 -0.0103428329177 -0.202409154063 0.0238409875576
0.916924607828 -0.0424916494219 -0.396792309785
0.0508655074342 0.998650058287 0.0105992940048
0.395806700609 -0.0299014391422 0.917848478015
0.595635110001
0 0 0

00000143.jpg
/home/evan/UAV_Photogrammetry_toolkit/output_dir/Final/870.jpg
954.15411377
487 274
-0.112560476149 -2.1921788434 -8.66721349984
3.93141726732 2.61358845257 7.59288646853
0.0454096307487 -0.467529123968 -0.0219765446179
0.972486299072 0.022496199737 -0.231616694129 -0.010887310227
0.892470843695 0.0107546750667 -0.450977782704
-0.0315963650512 0.99875186719 -0.0387111027857
0.449998464003 0.0487978813159 0.891695696642
0.303112580587
0 0 0

00000144.jpg
/home/evan/UAV_Photogrammetry_toolkit/output_dir/Final/1080.jpg
1084.76416016
487 274
-0.249730976667 -1.23576383766 -7.52297203843
3.62377959049 1.67239915868 6.50044901236
0.0511695249298 -0.479222482859 -0.0357911766171
0.970947806436 0.0253365147517 -0.237286305139 -0.0177219482804
0.886763257965 0.0223900266293 -0.461683289128
-0.0464383206053 0.998088348477 -0.0407904188903
0.459887180759 0.0576113147933 0.886106964846
0.610433626725
0 0 0

00000145.jpg
/home/evan/UAV_Photogrammetry_toolkit/output_dir/Final/6150.jpg
982.02722168
487 274
4.48568560827 -1.47424767321 -7.64378427282
0.673653608935 1.3683996039 8.85414503417
-0.00514377529636 -0.611236047314 -0.0315267199176
0.953535824095 -0.00253192932781 -0.300869766902 -0.015518451365
0.818474466215 0.031118195287 -0.573701468946
-0.0280714019571 0.999505816238 0.0141667784895
0.573858935565 0.00450963721696 0.818941988876
0.61982359754
0 0 0

00000146.jpg
/home/evan/UAV_Photogrammetry_toolkit/output_dir/Final/510.jpg
1102.74438477
487 274
7.09585486344 -3.11731759204 -1.59501698686
-0.507287075708 1.90315799183 7.66377179239
-0.0460829440427 -1.3202577724 -0.214109791495
0.784349395075 -0.0213600473115 -0.611956745988 -0.0992426888342
0.231319853905 0.181824579712 -0.955736991081
-0.129539192099 0.979390144673 0.15497197533
0.96421462303 0.0879570145793 0.250105895638
0.77996763564
0 0 0

00000147.jpg
/home/evan/UAV_Photogrammetry_toolkit/output_dir/Final/900.jpg
1179.75378418
487 274
-0.447827538243 -2.10945831335 -7.86589237324
3.91763346724 2.51703570246 6.69621312105
0.0418116163868 -0.481029349891 -0.0435837204191
0.970764169552 0.0207016754297 -0.238166192416 -0.0215790756757
0.885623270146 0.0320355378564 -0.463299832412
-0.0517572360557 0.998212190348 -0.0299141506726
0.461512991573 0.0504716283548 0.885696831051
0.898270572244
0 0 0

00000148.jpg
/home/evan/UAV_Photogrammetry_toolkit/output_dir/Final/930.jpg
1141.64306641
487 274
-0.351775377412 -1.82086682654 -8.12279719544
4.19149673526 2.26714906845 6.83450279015
0.0946683014024 -0.4703399185 0.119224060157
0.969605957814 0.0468536131633 -0.232782507663 0.0590068471876
0.884661509643 -0.136240160282 -0.44588520821
0.0926134020572 0.988646527295 -0.118330626827
0.456944017012 0.063387543046 0.887234816775
0.91068873693
0 0 0

00000149.jpg
/home/evan/UAV_Photogrammetry_toolkit/output_dir/Final/6960.jpg
1492.17272949
487 274
11.5088183463 -2.15911957785 -3.74448536549
-2.06667414482 1.72285023286 11.9956939396
0.0186991513692 -1.09604480972 -0.0793498190821
0.852766691542 0.00888605003398 -0.520852996285 -0.0377079391801
0.454580592085 0.0550555788493 -0.889002417068
-0.0735687193086 0.996998760466 0.0241251121123
0.887661928619 0.0544360220657 0.45726476826
0.972214651122
0 0 0

00000150.jpg
/home/evan/UAV_Photogrammetry_toolkit/output_dir/Final/960.jpg
1137.68640137
487 274
-1.18241461147 -3.08054472049 -7.72783681687
4.06533153244 2.15027280629 7.03254284481
-0.158764205374 -0.418583492005 -0.0982449490234
0.973856177041 -0.0786891055163 -0.207464651697 -0.0486936406222
0.909175333867 0.127491453076 -0.396417911403
-0.0621909577339 0.982874913397 0.17346817654
0.411745018886 -0.133059309351 0.901533166977
0.768950496328
0 0 0

00000151.jpg
/home/evan/UAV_Photogrammetry_toolkit/output_dir/Final/7170.jpg
1510.56787109
487 274
11.0295467693 -2.30013992482 -4.33493223729
-2.61243496038 2.14640669506 11.5888478457
0.0323352853454 -0.9860094916 -0.0584171493327
0.880379822772 0.0155176909423 -0.473185574005 -0.0280343673912
0.550619285101 0.0346763440388 -0.834036253189
-0.0640472215428 0.997947324657 -0.000792149050582
0.832295873934 0.0538536989558 0.551707919621
0.829582389674
0 0 0

00000152.jpg
/home/evan/UAV_Photogrammetry_toolkit/output_dir/Final/6990.jpg
1419.06567383
487 274
11.9102214298 -2.33163537386 -4.03870437791
-2.26867592046 1.93790528104 12.4377866665
0.000417047670678 -1.0694603688 -0.0506124589174
0.860100993982 0.00019870589304 -0.50955344579 -0.0241147344901
0.479547702755 0.0412796872344 -0.87654496094
-0.0416847411837 0.998837256923 0.0242337498041
0.876524739905 0.0249173783486 0.480709919719
0.758566909501
0 0 0

00000153.jpg
/home/evan/UAV_Photogrammetry_toolkit/output_dir/Final/1020.jpg
1112.20129395
487 274
-1.06816140481 -3.46144410886 -7.33542463862
4.10904518601 1.95259562188 6.79955667149
-0.19808407055 -0.410537610833 0.031888238172
0.974014065689 -0.0981826398425 -0.203487672049 0.0158057707264
0.916685995029 0.00916785703812 -0.399503088054
0.0707480290643 0.980220461088 0.184830150042
0.393296331027 -0.19769493881 0.897907144524
0.648111553393
0 0 0

00000154.jpg
/home/evan/UAV_Photogrammetry_toolkit/output_dir/Final/7140.jpg
1509.27258301
487 274
11.2629549584 -2.34711704891 -4.29532090732
-2.66194124001 2.16576418997 11.7913850224
0.0137220006087 -0.991281873726 -0.0397268122352
0.879451855105 0.00658302501468 -0.475559909771 -0.0190586348271
0.546957523947 0.0272608661375 -0.836714835264
-0.0397837408804 0.99918701341 0.00654813794208
0.836213344182 0.0297059521875 0.54759772443
0.826442430011
0 0 0

00000155.jpg
/home/evan/UAV_Photogrammetry_toolkit/output_dir/Final/7200.jpg
1519.95019531
487 274
10.9230622004 -1.25616716375 -4.53871098951
-2.58628594447 2.09998079353 11.4189326074
0.02816760811 -0.947551147393 0.0820801260892
0.888946007973 0.0135584842595 -0.456103949857 0.0395092864559
0.580816545963 -0.0826113571975 -0.809832458585
0.057875132694 0.996511127046 -0.0601462014864
0.811974683198 -0.0119351596599 0.583572347356
0.859219406444
0 0 0

00000156.jpg
/home/evan/UAV_Photogrammetry_toolkit/output_dir/Final/600.jpg
1267.77453613
487 274
4.98732002178 0.0731469624352 -3.74413658431
0.483072215664 1.10505768869 6.11905291131
0.189671331975 -1.00421228067 0.0613042778904
0.871814117136 0.0907477387828 -0.480462665494 0.0293308669178
0.536589529635 -0.138344250873 -0.832425084483
-0.0360599954865 0.981810236153 -0.186415176883
0.843071453656 0.130045462193 0.521839653561
0.659399335425
0 0 0

00000157.jpg
/home/evan/UAV_Photogrammetry_toolkit/output_dir/Final/7050.jpg
1491.39111328
487 274
11.6512379982 -2.31121140627 -4.25504995693
-2.63678057408 2.19526699609 12.1419387023
0.0354098305978 -1.01775895523 -0.0554338760431
0.872773173987 0.0169474992585 -0.487109620348 -0.0265312077827
0.524040118234 0.029800648331 -0.851172109128
-0.0628222573737 0.998018911621 -0.00373540674618
0.849372728597 0.0554298841299 0.524873023071
0.841721715138
0 0 0

00000158.jpg
/home/evan/UAV_Photogrammetry_toolkit/output_dir/Final/7080.jpg
1494.60961914
487 274
11.5050522088 -2.90329830192 -4.32229206909
-2.76513931501 2.1802451549 12.1275692132
-0.00915484429694 -0.997732813304 -0.0821750881305
0.877305986792 -0.00438863694396 -0.47829181389 -0.039392983206
0.539370091743 0.0733173710467 -0.83887120551
-0.0649214289702 0.996857231226 0.04538323782
0.839561881529 0.0299825279609 0.542435854879
0.798022506806
0 0 0

00000159.jpg
/home/evan/UAV_Photogrammetry_toolkit/output_dir/Final/7110.jpg
1510.31713867
487 274
11.326513959 -3.00135625389 -4.33885773091
-2.79582011917 2.13830238102 11.9889599381
-0.0132184159418 -0.988087498205 -0.0967319283829
0.879279046265 -0.00634104700501 -0.473998495641 -0.0464035711587
0.54634299656 0.0876146044202 -0.832964976615
-0.0755921467465 0.995614493055 0.0551415111488
0.834142804098 0.0328393120972 0.550569075189
0.833217979249
0 0 0

00000160.jpg
/home/evan/UAV_Photogrammetry_toolkit/output_dir/Final/7020.jpg
1475.3046875
487 274
11.6175915517 -3.16831118909 -4.1467077705
-2.54046542528 2.195611021 12.2852483119
-0.023840109782 -1.03510900073 -0.0971243769858
0.86783663522 -0.0113901447121 -0.494546435351 -0.0464033395423
0.506540217729 0.0918068470245 -0.857314032223
-0.0692752251812 0.995434429247 0.0656668103623
0.859428025438 0.0261276709158 0.510587054746
0.82250219054
0 0 0

00000161.jpg
/home/evan/UAV_Photogrammetry_toolkit/output_dir/Final/7230.jpg
1519.91003418
487 274
11.0246669966 -1.76041115453 -4.26864187655
-2.68985523184 1.76710007813 11.5111117049
0.0575187177188 -0.983704913439 -0.0652850271061
0.880551111807 0.0276048798069 -0.472108158491 -0.0313321540871
0.552264095389 0.0291140660248 -0.833160536049
-0.0812441864418 0.996513512668 -0.0190305729924
0.829700919359 0.0781994574287 0.552703433959
0.846115529488
0 0 0

00000162.jpg
/home/evan/UAV_Photogrammetry_toolkit/output_dir/Final/7260.jpg
1516.2956543
487 274
11.1940539806 -1.25207923811 -4.18859322324
-2.72104892802 1.48888209955 11.6102580854
0.0673344498007 -0.990662321076 -0.0452640146892
0.879021679107 0.0322982792739 -0.475190462044 -0.0217117655497
0.54744476883 0.00747454747236 -0.836808159447
-0.0688659029672 0.996971001725 -0.0361473903933
0.834002711921 0.0774161603253 0.546300678806
0.815071331576
0 0 0

00000163.jpg
/home/evan/UAV_Photogrammetry_toolkit/output_dir/Final/7290.jpg
1517.70202637
487 274
11.2581098339 -1.10019320541 -4.3121720804
-2.69478520403 1.23911613242 11.7368128372
0.0688575531046 -0.987154090038 -0.0609470522333
0.879629494653 0.0330359581874 -0.473609353987 -0.0292407176619
0.549678959699 0.0201497876361 -0.835133964323
-0.0827342031649 0.996107285515 -0.0304214025734
0.83126906252 0.0858162102497 0.54920594624
0.850984808632
0 0 0

00000164.jpg
/home/evan/UAV_Photogrammetry_toolkit/output_dir/Final/7320.jpg
1503.19128418
487 274
11.3993677135 -0.597006064998 -4.43727949388
-2.60010702351 0.905122372643 11.9336355572
0.0931263301156 -0.990654079815 -0.0685942649074
0.878209211731 0.044657032859 -0.475050093129 -0.0328931284858
0.546491048344 0.0153456702283 -0.837324230489
-0.100202523527 0.993847812884 -0.0471847081253
0.831449240789 0.109688162376 0.544666817047
0.817537809887
0 0 0

00000165.jpg
/home/evan/UAV_Photogrammetry_toolkit/output_dir/Final/7350.jpg
1474.64367676
487 274
11.6548797903 -0.323740054271 -4.68061388975
-2.43196727577 0.648087874197 12.3091241799
0.0914291400346 -0.996936753991 -0.0681505274856
0.876757370705 0.0438206748364 -0.477817480428 -0.0326635698831
0.541246866609 0.0153995922162 -0.840723130281
-0.099152510378 0.994026665619 -0.0456256860103
0.834996860988 0.108054712598 0.539540416115
0.874133460138
0 0 0

00000166.jpg
/home/evan/UAV_Photogrammetry_toolkit/output_dir/Final/3330.jpg
1173.01623535
487 274
-19.8418364011 -2.8515543971 4.04201082305
15.5618955289 1.67940015814 13.1595773027
-0.0297576691112 0.900973281288 0.0539901349352
0.899776332454 -0.0143783611075 0.435333800445 0.0260870451056
0.619608431047 -0.0594637262369 0.782655694988
0.0344262968418 0.99822496521 0.0485879434467
-0.784156506442 -0.00316129264923 0.620556397518
0.674355104885
0 0 0

00000167.jpg
/home/evan/UAV_Photogrammetry_toolkit/output_dir/Final/2970.jpg
1186.37866211
487 274
-21.0175985278 -5.77092987156 1.79075713179
15.528477862 5.40238540462 14.419790045
-0.353364078618 0.729209580922 -0.103075946575
0.917748304303 -0.171810810623 0.354552419993 -0.0501170407757
0.743561664164 -0.0298423206871 0.668001224327
-0.213821637441 0.935939662067 0.279820139713
-0.633558304615 -0.350896180729 0.689546473974
1.2687066282
0 0 0

00000168.jpg
/home/evan/UAV_Photogrammetry_toolkit/output_dir/Final/1050.jpg
502.006530762
487 274
0.0571624070799 -0.941562356068 -9.83819295854
4.8509973864 1.89109169147 8.40067799593
0.113866265985 -0.518206373957 0.0464842392839
0.964751101822 0.056262604285 -0.256051604956 0.0229683860947
0.867820278296 -0.0731298845376 -0.491467592725
0.0155052186303 0.992614010725 -0.120320946476
0.496636679295 0.0967966914257 0.862544464849
-0.0738789527286
0 0 0

00000169.jpg
/home/evan/UAV_Photogrammetry_toolkit/output_dir/Final/3000.jpg
5903.48388672
487 274
-22.6393954791 -6.41121142538 36.0482738796
32.6545796413 18.1511703766 -21.3854346972
-0.301877695584 0.385168682922 -0.102197355854
0.968921214497 -0.149371918442 0.190585081088 -0.0505682113216
0.922240596292 0.0410571302296 0.384430740047
-0.154929320685 0.950262065975 0.270184145296
-0.354216972885 -0.308734337216 0.882730617339
8.33812398294
0 0 0

00000170.jpg
/home/evan/UAV_Photogrammetry_toolkit/output_dir/Final/3030.jpg
4590.9609375
487 274
-22.9460064492 -6.93071756741 25.3313520844
29.1719373189 15.0624855457 -11.7622348517
-0.304495003983 0.381489173919 -0.0889084935816
0.969388151009 -0.150690782398 0.188794237483 -0.0439997053626
0.924842287661 0.0284063179468 0.379290552008
-0.142204854159 0.950712926726 0.275542114095
-0.352769035169 -0.308769321596 0.883298334881
5.54539140202
0 0 0

00000171.jpg
/home/evan/UAV_Photogrammetry_toolkit/output_dir/Final/2370.jpg
1479.61437988
487 274
-20.3753752732 1.90894763024 12.1115887889
22.7220558023 2.61194023852 6.50970520841
0.126823131254 0.813483731161 -0.213480355487
0.910928011277 0.0615174105162 0.394592154785 -0.1035517617
0.667148411255 0.237204883942 0.706149774214
-0.140107917456 0.970985555701 -0.193797401732
-0.731630413083 0.0303543279503 0.681025399962
0.618220484976
0 0 0

00000172.jpg
/home/evan/UAV_Photogrammetry_toolkit/output_dir/Final/2340.jpg
1544.3190918
487 274
-19.9186628254 0.0792771189236 11.4333219766
22.1868399071 2.67457229425 5.29827119586
0.0852364787644 0.75965602053 -0.136586505598
0.925567345112 0.041555500994 0.370356530137 -0.0665902762696
0.716802693416 0.154048227709 0.680045049903
-0.0924869131595 0.987678783382 -0.126249311911
-0.691114591471 0.027600347008 0.722218164556
0.760281317739
0 0 0

00000173.jpg
/home/evan/UAV_Photogrammetry_toolkit/output_dir/Final/2310.jpg
1568.96276855
487 274
-19.36732036 -0.14579885574 11.2855175584
21.7871387312 2.66734412883 4.54780784675
0.071874549804 0.737737019191 -0.128473371751
0.930089268031 0.035095838244 0.360231808933 -0.0627326457823
0.732596035891 0.141979151356 0.66569251348
-0.0914086910332 0.989665942348 -0.110481130525
-0.674498444486 0.0200879194885 0.738002207787
0.763978762598
0 0 0

00000174.jpg
/home/evan/UAV_Photogrammetry_toolkit/output_dir/Final/2280.jpg
1574.64855957
487 274
-18.9013923929 -2.27854518905 11.0344448852
21.4062279254 2.81997190845 4.24671176735
0.0391562593572 0.729121340268 -0.0322517946255
0.933965862824 0.0191452604755 0.356500294125 -0.0157693563952
0.745317522502 0.0431065915489 0.665313872706
-0.0158055706586 0.998769657318 -0.0470056718065
-0.666522546493 0.0245184070696 0.745081751864
0.871946816523
0 0 0

00000175.jpg
/home/evan/UAV_Photogrammetry_toolkit/output_dir/Final/2250.jpg
1553.89453125
487 274
-18.6565609975 -0.194628838113 10.8734181215
20.9899195648 2.9987239956 4.09478945175
0.0582830358945 0.724860143266 -0.144878600375
0.932057483096 0.0284784964723 0.35418414151 -0.0707911769926
0.739084149264 0.152136108029 0.656207110698
-0.111789676984 0.988355055348 -0.103233355326
-0.664272807256 0.00294102765097 0.747485402568
0.787631526273
0 0 0

00000176.jpg
/home/evan/UAV_Photogrammetry_toolkit/output_dir/Final/2220.jpg
1688.53588867
487 274
-17.6417104624 -5.0947817488 12.0150614328
21.5315015162 3.10899440319 2.87695413852
-0.0179310438419 0.722515169121 0.101027877451
0.934165821516 -0.00876789867548 0.353294534896 0.0494004811263
0.745485307972 -0.0984917495446 0.659205058625
0.0861012145939 0.994965583091 0.0512871877403
-0.660937659088 0.0185245026637 0.75021223729
0.884670804306
0 0 0

00000177.jpg
/home/evan/UAV_Photogrammetry_toolkit/output_dir/Final/2190.jpg
1376.96362305
487 274
-17.4710862064 -3.76490083273 9.12191045093
19.3430730466 3.06821197166 4.3651044346
-0.00673179288684 0.701107423386 0.0371507835153
0.939008146276 -0.00329718332311 0.343397330096 0.0181961842716
0.763494297079 -0.0364371331875 0.644785740572
0.0319083278614 0.999316562133 0.0186892840512
-0.645025820906 0.0063049560505 0.764134335881
0.579013292877
0 0 0

00000178.jpg
/home/evan/UAV_Photogrammetry_toolkit/output_dir/Final/2130.jpg
1568.7598877
487 274
-17.1355088458 -0.106101736982 9.4504719896
19.172210684 2.93592363695 2.5990276739
0.0732289229068 0.644905535983 -0.163833768598
0.944507601452 0.0359346474382 0.316465846371 -0.0803959484769
0.786771734659 0.174613362346 0.592030591425
-0.129124975504 0.984490780288 -0.118766253783
-0.603586998564 0.0169959368608 0.797115921859
0.783460236127
0 0 0

00000179.jpg
/home/evan/UAV_Photogrammetry_toolkit/output_dir/Final/2160.jpg
1590.01074219
487 274
-17.1892959631 -2.12420790277 9.83828773735
19.5748182862 2.92863589563 2.24180279526
0.0324854133979 0.638930527396 -0.0489622928944
0.948979259703 0.0159655172042 0.314013437432 -0.0240633640702
0.801632957322 0.0556980383931 0.595216144592
-0.0356444952922 0.998332533033 -0.0454143741883
-0.596752812971 0.0151894046007 0.802281051034
0.790767485753
0 0 0

00000180.jpg
/home/evan/UAV_Photogrammetry_toolkit/output_dir/Final/2100.jpg
1651.38330078
487 274
-16.6785605399 -3.75489294463 9.38920372421
19.0922000218 2.94226297014 2.69478189999
0.0213935252894 0.655180186321 0.0397868379274
0.94656988548 0.0105055655196 0.321734650154 0.0195378380613
0.792209995678 -0.0302278833478 0.609499130518
0.043747833197 0.999015763543 -0.00731655684241
-0.608678193287 0.0324604509607 0.792752433167
0.852039775694
0 0 0

00000181.jpg
/home/evan/UAV_Photogrammetry_toolkit/output_dir/Final/2070.jpg
1342.49255371
487 274
-15.9036832072 -5.86066114508 6.22669225854
17.0079880567 3.33011184061 5.06801641443
-0.0479055757402 0.647409969024 0.149734371359
0.945029268243 -0.0235122572512 0.317751524817 0.0734902567049
0.787266491607 -0.153842980643 0.597112993412
0.123958793425 0.988092353066 0.0911428426147
-0.604024970512 0.00226375755529 0.796962426671
0.585080249029
0 0 0

00000182.jpg
/home/evan/UAV_Photogrammetry_toolkit/output_dir/Final/2400.jpg
863.804138184
487 274
-16.3688089396 -9.30356468233 9.3765239719
18.6273173923 3.12481354572 9.2559278316
-0.0821011947986 0.945021884976 0.323332874914
0.87706103668 -0.0393541511146 0.452984078481 0.154985452415
0.541569660378 -0.307517112606 0.782390783121
0.236209693657 0.948861499451 0.209443776596
-0.806787958767 0.0713798062989 0.586513088421
0.136389119846
0 0 0

00000183.jpg
/home/evan/UAV_Photogrammetry_toolkit/output_dir/Final/2040.jpg
8365.40234375
487 274
-14.958213734 -2.6757477327 50.068677494
37.0917188233 2.96673942936 -36.7856341874
-0.0100995870175 0.49867450634 0.00590439481925
0.969059333784 -0.00499760395587 0.246760355772 0.00292168648626
0.878201914693 -0.00812898051864 0.478221691089
0.00319616972096 0.999933374499 0.0111278621073
-0.478280012786 -0.00824403693272 0.878168680387
34.0890434229
0 0 0

00000184.jpg
/home/evan/UAV_Photogrammetry_toolkit/output_dir/Final/2430.jpg
1341.5357666
487 274
-13.3558864751 -4.05716295452 18.823063487
22.2226799568 2.59602498008 6.96859702031
0.0507455889854 1.26116649036 0.0540015350994
0.807041960305 0.0237188139209 0.589477310365 0.0252406640276
0.303758597567 -0.0127772145351 0.952663258615
0.06870388537 0.997600695013 -0.00852651201792
-0.950268437836 0.0680418003134 0.303907610192
0.712418572733
0 0 0

00000185.jpg
/home/evan/UAV_Photogrammetry_toolkit/output_dir/Final/2460.jpg
1340.90209961
487 274
-13.9888716706 -1.5509014078 18.9385676352
22.2102068109 2.70295785444 7.49428987067
0.0898179994643 1.26793557551 -0.0831978600038
0.803933306784 0.0419336757704 0.591965971615 -0.0388429057316
0.296134149934 0.112100872278 0.948544444673
-0.0128075503213 0.99346575783 -0.113411188883
-0.955060199581 0.0214363256282 0.29563513926
0.642482573076
0 0 0

