# generated by genOption. mode 1. cluster: 0
level 1
csize 2
threshold 0.7
wsize 7
minImageNum 3
CPU 4
setEdge 0
useBound 0
useVisData 1
sequence -1
maxAngle 10
quad 2.0
timages 91 4 7 9 10 11 13 16 20 21 22 26 27 31 33 35 36 38 40 41 42 44 52 53 58 59 60 61 63 70 71 72 73 77 78 81 82 86 88 89 90 91 94 95 96 102 115 116 117 120 121 122 124 127 129 130 131 132 133 134 135 137 138 140 142 143 146 148 150 152 153 154 157 160 161 162 163 164 165 166 167 170 171 175 177 178 179 180 181 183 184 185 
oimages 0 
