VISDATA
186
0 0
1 0
2 0
3 0
4 30  26 27 38 40 41 42 21 44 22 16 20 36 33 35 53 31 86 140 89 102 116 135 138 137 7 124 134 122 153 150 
5 0
6 0
7 30  21 16 22 20 26 27 38 40 89 41 102 140 134 42 115 124 4 138 137 116 127 44 129 13 146 122 153 150 120 142 
8 0
9 30  21 22 16 20 26 27 38 40 41 89 42 102 134 115 140 124 138 137 116 4 127 44 122 153 13 129 150 146 142 120 
10 30  21 22 16 20 26 27 38 40 89 41 42 115 134 138 137 124 116 102 140 122 153 150 44 127 146 142 86 4 129 81 
11 30  38 40 41 42 26 44 27 36 33 35 53 31 59 77 61 52 58 63 78 82 22 21 16 20 60 81 90 89 91 86 
12 0
13 30  38 40 41 42 44 36 53 33 77 61 52 63 58 26 59 35 27 78 82 31 60 22 21 16 20 7 89 9 96 91 
14 0
15 0
16 30  41 42 63 40 53 58 44 78 82 52 38 61 59 77 11 36 7 9 4 10 60 91 90 89 70 72 71 171 33 13 
17 0
18 0
19 0
20 30  44 41 42 53 40 63 58 52 38 78 82 61 59 77 36 60 7 9 11 10 33 4 35 26 70 72 71 171 27 91 
21 30  41 78 82 42 40 63 58 53 44 52 11 38 61 77 4 59 9 7 10 13 91 90 36 89 60 86 116 33 96 35 
22 30  78 82 41 42 40 63 58 53 44 11 52 38 61 4 77 9 59 7 10 13 91 90 89 36 86 116 60 96 33 35 
23 0
24 0
25 0
26 30  11 13 4 82 78 91 89 90 116 63 9 7 10 81 58 41 42 53 20 52 44 40 16 96 61 77 86 59 38 21 
27 30  11 13 82 78 4 91 89 90 63 116 9 7 41 42 10 58 81 53 44 52 40 20 61 77 96 16 86 59 38 175 
28 0
29 0
30 0
31 30  11 82 13 78 81 63 58 53 52 90 91 89 4 116 71 72 70 171 61 20 77 44 42 59 41 16 40 60 21 38 
32 0
33 30  11 13 81 82 78 20 4 90 91 89 116 16 63 58 71 72 70 21 22 52 53 171 73 61 59 77 44 42 41 40 
34 0
35 30  11 13 81 82 78 20 4 90 91 89 116 16 63 58 72 21 71 171 22 53 52 70 61 77 42 44 41 59 40 60 
36 30  13 11 81 20 16 21 4 91 89 116 90 22 82 78 71 72 63 70 58 73 27 171 26 52 53 31 61 44 77 35 
37 0
38 30  13 11 20 81 16 4 21 22 91 89 90 116 171 175 9 7 10 82 78 96 27 26 86 63 72 31 58 71 166 42 
39 0
40 30  13 11 20 16 81 21 22 4 90 89 91 116 171 175 27 26 9 7 10 82 78 96 86 31 166 170 35 63 33 58 
41 30  13 11 20 16 81 21 22 4 90 89 91 27 116 26 171 175 9 7 10 31 86 82 78 96 35 33 166 170 38 63 
42 30  13 11 20 16 81 21 22 4 90 89 91 27 26 116 171 175 9 7 10 31 86 82 96 78 35 170 33 38 167 166 
43 0
44 30  13 11 20 16 81 21 22 4 90 89 91 116 27 26 31 82 78 10 9 7 96 35 33 71 166 72 70 63 171 58 
45 0
46 0
47 0
48 0
49 0
50 0
51 0
52 30  20 16 13 11 81 21 22 27 26 31 33 35 82 78 36 72 71 38 73 70 180 59 178 60 40 171 63 44 61 77 
53 30  20 16 13 11 81 21 22 27 26 31 4 116 90 89 91 33 35 82 78 71 72 36 70 73 38 60 63 61 180 44 
54 0
55 0
56 0
57 0
58 30  20 16 13 11 81 21 22 27 26 31 33 35 73 72 36 71 95 94 70 78 60 88 38 59 82 77 180 178 40 44 
59 30  13 11 81 20 16 21 22 94 95 73 72 71 27 26 70 82 31 78 63 33 58 35 171 52 53 36 60 38 77 88 
60 30  20 13 16 11 81 94 95 73 21 72 71 22 70 63 31 26 27 58 82 78 53 35 171 33 61 52 77 59 180 178 
61 30  20 13 11 81 16 21 22 27 26 31 82 78 33 72 35 71 70 73 63 36 58 53 38 171 60 52 180 178 44 40 
62 0
63 30  20 16 13 21 11 81 22 27 31 26 33 35 36 73 72 60 88 71 59 38 78 94 95 70 61 82 77 40 44 180 
64 0
65 0
66 0
67 0
68 0
69 0
70 27  16 20 31 33 88 60 59 35 36 77 61 58 73 94 180 53 178 95 63 38 78 44 52 72 71 82 171 
71 29  16 20 31 33 88 60 95 94 59 35 36 77 82 58 63 78 166 61 180 178 38 53 73 44 96 52 70 72 171 
72 29  16 20 31 95 94 88 33 60 59 35 166 36 77 63 58 82 96 61 78 180 178 38 53 52 44 73 70 71 171 
73 22  88 60 59 95 166 94 77 63 33 58 36 61 70 71 53 72 52 44 96 35 82 78 
74 0
75 0
76 0
77 30  13 11 81 20 16 21 22 27 26 94 95 31 73 72 71 70 82 78 35 33 63 58 36 38 88 60 59 53 52 40 
78 30  21 16 20 22 13 81 11 27 26 31 33 35 36 95 166 38 94 59 40 44 61 41 42 71 77 63 53 72 58 52 
79 0
80 0
81 30  41 40 42 44 53 38 36 77 63 59 61 58 52 78 82 33 35 122 116 31 137 89 138 26 27 60 102 91 90 143 
82 30  21 16 20 22 13 81 11 27 26 31 33 35 167 36 166 38 170 95 59 40 94 44 61 71 41 72 42 77 53 52 
83 0
84 0
85 0
86 30  115 89 116 102 91 127 4 129 137 21 120 16 138 22 122 27 26 140 124 134 20 38 131 40 146 41 90 153 42 150 
87 0
88 11  94 95 73 72 71 70 63 58 77 59 60 
89 30  115 122 26 27 137 38 138 117 142 40 44 121 41 42 143 86 135 120 127 81 140 22 21 36 116 132 33 129 16 31 
90 30  122 26 27 115 117 38 40 44 120 41 42 127 22 121 132 21 116 142 33 36 129 143 137 16 138 81 31 35 133 140 
91 30  122 115 26 27 117 38 120 40 44 116 127 41 42 137 142 22 140 21 132 143 138 121 129 36 16 33 81 135 86 31 
92 0
93 0
94 15  88 60 72 59 71 78 77 73 82 58 63 70 96 95 166 
95 15  88 60 78 72 59 82 71 73 77 96 58 63 70 94 166 
96 27  167 170 26 27 38 22 21 16 166 20 40 95 41 72 42 13 44 4 94 11 71 10 9 7 73 78 82 
97 0
98 0
99 0
100 0
101 0
102 30  122 115 137 138 142 116 121 143 117 81 86 120 127 135 150 140 153 132 124 148 7 134 9 129 4 146 10 131 91 130 
103 0
104 0
105 0
106 0
107 0
108 0
109 0
110 0
111 0
112 0
113 0
114 0
115 30  120 89 127 116 102 129 91 90 140 133 130 131 86 122 135 124 134 132 117 146 137 161 7 154 10 121 9 162 138 163 
116 30  115 142 143 133 124 81 134 121 138 91 102 140 137 38 26 40 44 27 146 148 41 42 117 90 89 135 36 33 86 122 
117 30  120 91 90 89 133 130 129 127 102 124 131 116 134 146 115 121 154 161 122 162 152 140 163 157 160 132 137 164 142 138 
118 0
119 0
120 30  115 117 91 121 154 90 124 132 152 162 89 161 133 163 134 102 157 160 130 86 146 164 135 116 140 131 7 122 9 129 
121 30  116 120 89 102 133 90 122 91 130 129 131 127 117 115 154 140 137 161 143 162 142 138 152 132 163 157 160 81 124 148 
122 30  89 102 91 81 90 133 124 115 148 134 140 121 146 116 153 142 138 150 143 135 86 117 132 137 4 10 9 7 127 120 
123 0
124 30  116 122 120 117 127 129 115 140 137 138 102 89 135 142 7 143 9 10 132 86 131 4 91 130 90 146 81 148 133 153 
125 0
126 0
127 30  115 154 91 152 162 161 117 90 132 89 163 124 130 133 157 160 102 121 86 134 135 164 140 116 131 7 146 9 10 122 
128 0
129 30  115 152 117 154 163 162 132 91 160 157 124 90 121 161 89 133 164 86 135 134 102 130 140 116 7 9 10 146 120 131 
130 30  115 117 127 121 132 152 120 160 91 90 157 133 163 164 129 89 124 154 162 102 161 135 86 134 116 131 140 122 137 138 
131 30  165 164 152 160 163 157 115 162 154 117 132 121 161 91 90 89 133 124 127 86 102 135 120 116 140 129 130 122 137 138 
132 30  120 127 90 91 129 89 130 131 115 133 116 102 122 154 161 124 162 157 152 121 160 163 137 117 142 138 134 140 143 164 
133 30  116 115 122 117 121 120 127 137 132 90 91 129 142 138 143 131 130 89 81 148 140 124 134 146 154 161 162 102 150 153 
134 30  116 122 117 115 120 137 127 140 102 138 7 135 9 89 10 129 143 142 86 4 91 150 148 153 90 81 133 132 124 130 
135 30  115 89 116 91 102 137 127 138 124 134 122 129 120 140 4 146 153 131 150 142 90 81 143 130 148 161 162 163 154 86 
136 0
137 30  89 102 116 81 91 140 90 124 133 134 135 115 86 10 146 122 4 121 148 9 143 7 142 153 150 132 117 127 120 129 
138 30  102 89 116 140 81 91 90 124 133 135 122 134 86 115 10 143 4 142 146 9 148 7 150 121 153 132 117 127 120 129 
139 0
140 30  115 116 137 138 122 91 89 124 102 90 142 134 7 146 127 153 4 150 9 135 121 86 120 81 129 10 117 143 133 148 
141 0
142 30  116 89 102 91 90 122 133 140 124 134 138 115 121 137 146 81 4 135 132 86 10 9 143 117 7 148 153 127 120 150 
143 28  116 89 102 91 90 133 122 124 81 134 138 146 121 137 140 148 115 142 135 132 153 117 86 150 120 127 129 130 
144 0
145 0
146 29  116 122 117 115 120 140 137 102 138 89 143 135 142 124 86 127 148 10 7 91 9 133 129 90 81 153 150 134 121 
147 0
148 27  122 116 102 89 91 137 138 133 90 143 134 124 140 146 121 135 81 86 142 115 117 10 153 150 127 120 129 
149 0
150 28  116 102 89 122 140 138 137 4 135 10 134 91 86 124 9 7 146 115 81 133 143 153 142 127 148 120 129 131 
151 0
152 30  131 129 127 120 165 164 130 163 117 115 121 132 162 161 154 157 160 91 90 133 124 89 135 86 102 116 140 122 137 138 
153 28  116 122 102 89 140 137 135 4 91 10 138 86 134 124 9 7 146 143 115 133 81 142 150 148 127 120 129 131 
154 30  165 164 127 120 129 131 163 117 115 132 121 162 130 161 152 91 160 157 90 133 89 124 135 86 102 116 140 122 137 138 
155 0
156 0
157 25  165 164 131 129 163 127 120 162 130 161 117 132 115 121 154 152 91 90 160 133 89 116 137 122 81 
158 0
159 0
160 25  165 131 164 129 163 127 120 130 162 161 117 132 115 121 154 152 91 90 157 133 89 116 137 122 81 
161 30  127 120 165 129 131 164 115 117 160 132 121 157 152 163 154 91 90 130 133 89 124 162 135 86 102 116 140 122 137 138 
162 30  127 131 120 129 160 157 115 117 165 154 132 121 130 152 164 91 90 133 161 124 89 135 163 86 102 116 140 122 137 138 
163 30  131 127 129 120 160 157 154 130 152 115 117 132 161 121 165 91 164 90 135 124 162 86 89 133 102 140 116 122 137 138 
164 18  131 160 157 154 152 129 161 127 120 130 162 117 115 132 163 165 91 90 
165 12  131 160 157 154 152 161 162 163 164 129 127 120 
166 27  167 78 82 170 73 72 96 71 38 40 26 27 44 41 42 22 21 16 20 13 4 11 10 9 7 94 95 
167 5  166 96 82 42 170 
168 0
169 0
170 9  96 166 82 42 41 40 38 171 167 
171 30  179 177 180 178 181 183 175 42 41 40 38 16 20 31 35 33 26 27 36 22 21 170 60 44 59 61 13 53 52 11 
172 0
173 0
174 0
175 25  183 185 181 171 38 40 41 42 184 180 178 179 26 27 22 21 16 20 177 13 11 4 10 9 7 
176 0
177 9  171 185 184 183 181 180 178 175 179 
178 27  171 184 185 183 20 175 16 72 71 70 31 177 63 58 181 52 53 35 33 44 60 61 59 36 38 179 180 
179 9  171 184 185 183 175 181 177 178 180 
180 27  171 184 185 183 20 16 175 72 71 70 31 177 63 58 181 52 53 35 33 44 60 61 36 59 38 179 178 
181 9  171 184 185 175 183 177 179 178 180 
182 0
183 9  175 171 184 177 185 181 180 178 179 
184 9  181 180 178 179 177 183 175 185 171 
185 9  181 177 180 178 179 175 183 171 184 
